0.0000 0.0000 0.0000 -0.0000 0.0000 -0.0000 0.0000 1.0000
1.0000 0.9666 -0.0357 0.0154 0.0006 -0.0010 -0.0210 0.9998
2.0000 2.0218 -0.1234 0.0336 0.0025 -0.0033 -0.0449 0.9990
3.0000 2.9756 -0.2457 0.0519 0.0029 -0.0052 -0.0670 0.9977
4.0000 4.0171 -0.4227 0.0755 0.0019 -0.0065 -0.0916 0.9958
5.0000 4.9549 -0.6329 0.0995 0.0031 -0.0064 -0.1141 0.9934
6.0000 5.8792 -0.8840 0.1257 0.0038 -0.0066 -0.1365 0.9906
7.0000 6.8770 -1.2070 0.1556 0.0054 -0.0084 -0.1607 0.9870
8.0000 7.7664 -1.5453 0.1809 0.0072 -0.0097 -0.1821 0.9832
9.0000 8.6416 -1.9162 0.2073 0.0072 -0.0100 -0.2038 0.9789
10.0000 9.5834 -2.3690 0.2386 0.0077 -0.0095 -0.2279 0.9736
11.0000 10.4173 -2.8175 0.2669 0.0080 -0.0089 -0.2501 0.9681
12.0000 11.3061 -3.3544 0.2976 0.0081 -0.0085 -0.2745 0.9615
13.0000 12.0877 -3.8773 0.3220 0.0086 -0.0086 -0.2963 0.9550
14.0000 12.8386 -4.4382 0.3458 0.0102 -0.0093 -0.3179 0.9480
15.0000 13.6345 -5.0878 0.3715 0.0101 -0.0096 -0.3411 0.9399
16.0000 14.3248 -5.7157 0.3933 0.0123 -0.0101 -0.3622 0.9320
17.0000 14.9856 -6.3693 0.4139 0.0125 -0.0101 -0.3830 0.9236
18.0000 15.6780 -7.1159 0.4362 0.0122 -0.0101 -0.4061 0.9137
19.0000 16.2678 -7.8250 0.4522 0.0139 -0.0116 -0.4267 0.9042
20.0000 16.8807 -8.6303 0.4721 0.0138 -0.0121 -0.4490 0.8934
21.0000 17.3991 -9.3877 0.4897 0.0144 -0.0131 -0.4688 0.8831
22.0000 17.8799 -10.1677 0.5054 0.0157 -0.0159 -0.4884 0.8723
23.0000 18.3739 -11.0528 0.5205 0.0161 -0.0163 -0.5093 0.8603
24.0000 18.7866 -11.8816 0.5363 0.0181 -0.0170 -0.5272 0.8493
25.0000 19.1641 -12.7301 0.5527 0.0196 -0.0174 -0.5441 0.8386
26.0000 19.5475 -13.6805 0.5660 0.0198 -0.0187 -0.5612 0.8272
27.0000 19.8663 -14.5669 0.5768 0.0205 -0.0185 -0.5756 0.8173
28.0000 20.1868 -15.5644 0.5881 0.0221 -0.0176 -0.5907 0.8064
29.0000 20.4474 -16.4849 0.5976 0.0225 -0.0174 -0.6041 0.7964
30.0000 20.6831 -17.4154 0.6025 0.0212 -0.0171 -0.6171 0.7864
31.0000 20.9075 -18.4536 0.6075 0.0208 -0.0174 -0.6305 0.7757
32.0000 21.0808 -19.4159 0.6121 0.0214 -0.0177 -0.6422 0.7660
33.0000 21.2275 -20.3941 0.6153 0.0224 -0.0177 -0.6537 0.7562
34.0000 21.3599 -21.4896 0.6170 0.0225 -0.0163 -0.6660 0.7454
35.0000 21.4521 -22.5004 0.6146 0.0230 -0.0161 -0.6767 0.7357
36.0000 21.5166 -23.6286 0.6082 0.0240 -0.0169 -0.6874 0.7257
37.0000 21.5482 -24.6684 0.6007 0.0255 -0.0182 -0.6963 0.7171
38.0000 21.5545 -25.7214 0.5915 0.0271 -0.0195 -0.7042 0.7093
39.0000 21.5340 -26.8932 0.5807 -0.0296 0.0214 0.7118 -0.7014
40.0000 21.4943 -27.9699 0.5697 -0.0316 0.0224 0.7178 -0.6951
41.0000 21.4392 -29.0560 0.5576 -0.0329 0.0234 0.7231 -0.6896
42.0000 21.3608 -30.2589 0.5437 -0.0343 0.0238 0.7284 -0.6839
43.0000 21.2780 -31.3587 0.5296 -0.0350 0.0233 0.7328 -0.6791
44.0000 21.1829 -32.4634 0.5141 -0.0352 0.0230 0.7369 -0.6747
45.0000 21.0609 -33.6892 0.4940 -0.0344 0.0238 0.7410 -0.6702
46.0000 20.9356 -34.8195 0.4744 -0.0334 0.0251 0.7444 -0.6664
47.0000 20.7810 -36.0869 0.4525 -0.0329 0.0263 0.7479 -0.6625
48.0000 20.6307 -37.2616 0.4333 -0.0326 0.0265 0.7503 -0.6597
49.0000 20.4707 -38.4574 0.4140 -0.0323 0.0264 0.7523 -0.6576
50.0000 20.2827 -39.7936 0.3930 -0.0321 0.0272 0.7541 -0.6554
51.0000 20.1049 -41.0283 0.3738 -0.0312 0.0275 0.7556 -0.6537
52.0000 19.9173 -42.2842 0.3566 -0.0310 0.0279 0.7569 -0.6522
53.0000 19.7032 -43.6902 0.3386 -0.0313 0.0274 0.7580 -0.6509
54.0000 19.5010 -44.9910 0.3200 -0.0325 0.0268 0.7587 -0.6501
55.0000 19.2944 -46.3090 0.2989 -0.0329 0.0264 0.7594 -0.6493
56.0000 19.0587 -47.7797 0.2725 -0.0336 0.0274 0.7600 -0.6484
57.0000 18.8409 -49.1364 0.2494 -0.0333 0.0275 0.7604 -0.6480
58.0000 18.5938 -50.6516 0.2225 -0.0337 0.0284 0.7605 -0.6478
59.0000 18.3676 -52.0483 0.2008 -0.0334 0.0284 0.7606 -0.6477
60.0000 18.1385 -53.4633 0.1806 -0.0329 0.0289 0.7605 -0.6479
61.0000 17.8845 -55.0437 0.1588 -0.0330 0.0290 0.7600 -0.6484
62.0000 17.6534 -56.5018 0.1403 -0.0331 0.0283 0.7596 -0.6490
63.0000 17.4194 -57.9783 0.1199 -0.0332 0.0289 0.7592 -0.6494
64.0000 17.1626 -59.6260 0.0967 -0.0328 0.0292 0.7588 -0.6499
65.0000 16.9261 -61.1459 0.0779 -0.0329 0.0298 0.7585 -0.6502
66.0000 16.6657 -62.8395 0.0579 -0.0328 0.0296 0.7581 -0.6506
67.0000 16.4249 -64.3983 0.0399 -0.0341 0.0297 0.7578 -0.6510
68.0000 16.1824 -65.9711 0.0215 -0.0352 0.0295 0.7575 -0.6512
69.0000 15.9167 -67.7135 -0.0006 -0.0356 0.0303 0.7572 -0.6515
70.0000 15.6724 -69.3088 -0.0192 -0.0356 0.0318 0.7569 -0.6518
71.0000 15.4312 -70.9209 -0.0344 -0.0354 0.0315 0.7567 -0.6521
72.0000 15.1624 -72.7108 -0.0515 -0.0357 0.0315 0.7566 -0.6522
73.0000 14.9184 -74.3562 -0.0684 -0.0360 0.0308 0.7565 -0.6523
74.0000 14.6444 -76.1821 -0.0902 -0.0366 0.0315 0.7563 -0.6524
75.0000 14.3955 -77.8569 -0.1091 -0.0368 0.0318 0.7563 -0.6524
76.0000 14.1439 -79.5434 -0.1280 -0.0366 0.0323 0.7563 -0.6524
77.0000 13.8667 -81.4140 -0.1469 -0.0361 0.0323 0.7565 -0.6522
78.0000 13.6111 -83.1287 -0.1621 -0.0356 0.0320 0.7569 -0.6518
79.0000 13.3520 -84.8557 -0.1763 -0.0351 0.0321 0.7573 -0.6514
80.0000 13.0636 -86.7732 -0.1921 -0.0349 0.0315 0.7576 -0.6510
81.0000 12.7953 -88.5305 -0.2087 -0.0352 0.0313 0.7579 -0.6506
82.0000 12.5262 -90.3037 -0.2262 -0.0346 0.0301 0.7581 -0.6506
83.0000 12.2218 -92.2670 -0.2476 -0.0341 0.0304 0.7586 -0.6500
84.0000 11.9419 -94.0658 -0.2664 -0.0332 0.0304 0.7594 -0.6490
85.0000 11.6231 -96.0583 -0.2874 -0.0336 0.0305 0.7608 -0.6474
86.0000 11.3273 -97.8811 -0.3018 -0.0330 0.0296 0.7623 -0.6457
87.0000 11.0216 -99.7119 -0.3158 -0.0327 0.0284 0.7638 -0.6440
88.0000 10.6728 -101.7324 -0.3311 -0.0319 0.0284 0.7655 -0.6420
89.0000 10.3430 -103.5780 -0.3456 -0.0317 0.0289 0.7670 -0.6402
90.0000 10.0030 -105.4313 -0.3568 -0.0310 0.0293 0.7684 -0.6385
91.0000 9.6174 -107.4828 -0.3661 -0.0303 0.0291 0.7701 -0.6365
92.0000 9.2577 -109.3580 -0.3754 -0.0300 0.0280 0.7717 -0.6347
93.0000 8.8508 -111.4296 -0.3876 -0.0295 0.0272 0.7736 -0.6324
94.0000 8.4673 -113.3201 -0.4003 -0.0295 0.0265 0.7753 -0.6303
95.0000 8.0714 -115.2170 -0.4148 -0.0297 0.0264 0.7770 -0.6282
96.0000 7.6194 -117.3092 -0.4313 -0.0294 0.0269 0.7789 -0.6259
97.0000 7.1978 -119.2195 -0.4460 -0.0290 0.0270 0.7807 -0.6237
98.0000 6.7597 -121.1367 -0.4595 -0.0293 0.0271 0.7825 -0.6214
99.0000 6.2655 -123.2525 -0.4740 -0.0289 0.0268 0.7844 -0.6190
100.0000 5.8042 -125.1817 -0.4892 -0.0287 0.0267 0.7860 -0.6170
101.0000 5.2835 -127.3114 -0.5044 -0.0282 0.0263 0.7877 -0.6148
102.0000 4.7938 -129.2529 -0.5198 -0.0289 0.0267 0.7891 -0.6130
103.0000 4.2923 -131.2014 -0.5373 -0.0302 0.0268 0.7902 -0.6115
104.0000 3.7290 -133.3503 -0.5579 -0.0303 0.0276 0.7914 -0.6099
105.0000 3.2088 -135.3106 -0.5765 -0.0303 0.0278 0.7923 -0.6087
106.0000 2.6811 -137.2783 -0.5947 -0.0301 0.0274 0.7934 -0.6074
107.0000 2.0921 -139.4499 -0.6156 -0.0295 0.0270 0.7947 -0.6057
108.0000 1.5459 -141.4313 -0.6323 -0.0287 0.0268 0.7961 -0.6039
109.0000 0.9316 -143.6181 -0.6511 -0.0285 0.0264 0.7976 -0.6020
110.0000 0.3615 -145.6128 -0.6693 -0.0286 0.0264 0.7990 -0.6001
111.0000 -0.2199 -147.6121 -0.6868 -0.0283 0.0264 0.8003 -0.5983
112.0000 -0.8731 -149.8179 -0.7050 -0.0280 0.0263 0.8019 -0.5963
113.0000 -1.4793 -151.8299 -0.7225 -0.0283 0.0259 0.8031 -0.5946
114.0000 -2.0971 -153.8455 -0.7408 -0.0286 0.0260 0.8044 -0.5929
115.0000 -2.7906 -156.0685 -0.7618 -0.0289 0.0265 0.8057 -0.5911
116.0000 -3.4300 -158.0939 -0.7813 -0.0285 0.0268 0.8067 -0.5896
117.0000 -4.0795 -160.1237 -0.8002 -0.0279 0.0276 0.8079 -0.5881
118.0000 -4.8059 -162.3635 -0.8187 -0.0280 0.0279 0.8090 -0.5865
119.0000 -5.4766 -164.4055 -0.8335 -0.0276 0.0281 0.8100 -0.5851
120.0000 -6.2250 -166.6579 -0.8495 -0.0276 0.0280 0.8111 -0.5835
121.0000 -6.9154 -168.7115 -0.8648 -0.0277 0.0279 0.8123 -0.5819
122.0000 -7.6193 -170.7690 -0.8800 -0.0283 0.0283 0.8134 -0.5803
123.0000 -8.4068 -173.0373 -0.8981 -0.0290 0.0293 0.8145 -0.5787
124.0000 -9.1318 -175.1059 -0.9162 -0.0295 0.0293 0.8153 -0.5776
125.0000 -9.8641 -177.1802 -0.9356 -0.0298 0.0291 0.8160 -0.5765
126.0000 -10.6778 -179.4679 -0.9579 -0.0294 0.0287 0.8170 -0.5752
127.0000 -11.4258 -181.5511 -0.9772 -0.0283 0.0289 0.8179 -0.5740
128.0000 -12.1835 -183.6400 -0.9948 -0.0277 0.0292 0.8189 -0.5726
129.0000 -13.0280 -185.9434 -1.0074 -0.0264 0.0291 0.8199 -0.5711
130.0000 -13.8058 -188.0418 -1.0183 -0.0253 0.0291 0.8210 -0.5697
131.0000 -14.6764 -190.3565 -1.0291 -0.0258 0.0293 0.8222 -0.5679
132.0000 -15.4786 -192.4663 -1.0377 -0.0260 0.0286 0.8232 -0.5664
133.0000 -16.2906 -194.5792 -1.0489 -0.0262 0.0282 0.8243 -0.5649
134.0000 -17.1958 -196.9055 -1.0626 -0.0264 0.0283 0.8255 -0.5630
135.0000 -18.0280 -199.0230 -1.0752 -0.0260 0.0280 0.8265 -0.5616
136.0000 -18.8691 -201.1408 -1.0861 -0.0254 0.0278 0.8277 -0.5600
137.0000 -19.8070 -203.4707 -1.0961 -0.0254 0.0278 0.8287 -0.5584
138.0000 -20.6696 -205.5892 -1.1040 -0.0256 0.0282 0.8295 -0.5572
139.0000 -21.6338 -207.9215 -1.1136 -0.0262 0.0286 0.8303 -0.5560
140.0000 -22.5176 -210.0435 -1.1252 -0.0268 0.0287 0.8311 -0.5548
141.0000 -23.4088 -212.1657 -1.1379 -0.0270 0.0292 0.8318 -0.5537
142.0000 -24.3947 -214.5004 -1.1514 -0.0268 0.0296 0.8326 -0.5524
143.0000 -25.2983 -216.6239 -1.1606 -0.0265 0.0294 0.8334 -0.5512
144.0000 -26.2076 -218.7469 -1.1681 -0.0259 0.0295 0.8342 -0.5501
145.0000 -27.2162 -221.0817 -1.1740 -0.0254 0.0298 0.8351 -0.5486
146.0000 -28.1380 -223.2046 -1.1768 -0.0246 0.0292 0.8359 -0.5476
147.0000 -29.0687 -225.3251 -1.1781 -0.0244 0.0294 0.8367 -0.5463
148.0000 -30.1043 -227.6563 -1.1791 -0.0255 0.0299 0.8375 -0.5450
149.0000 -31.0503 -229.7751 -1.1825 -0.0259 0.0297 0.8382 -0.5439
150.0000 -32.0968 -232.1032 -1.1919 -0.0259 0.0291 0.8392 -0.5424
151.0000 -33.0539 -234.2172 -1.2009 -0.0253 0.0288 0.8401 -0.5411
152.0000 -34.0186 -236.3297 -1.2081 -0.0249 0.0281 0.8411 -0.5396
153.0000 -35.0881 -238.6516 -1.2169 -0.0249 0.0274 0.8422 -0.5379
154.0000 -36.0682 -240.7569 -1.2251 -0.0247 0.0272 0.8432 -0.5363
155.0000 -37.0557 -242.8579 -1.2334 -0.0247 0.0268 0.8442 -0.5347
156.0000 -38.1498 -245.1617 -1.2423 -0.0242 0.0268 0.8455 -0.5328
157.0000 -39.1519 -247.2523 -1.2522 -0.0241 0.0262 0.8466 -0.5310
158.0000 -40.1648 -249.3368 -1.2618 -0.0241 0.0261 0.8477 -0.5292
159.0000 -41.2893 -251.6242 -1.2709 -0.0240 0.0266 0.8488 -0.5275
160.0000 -42.3202 -253.7016 -1.2807 -0.0239 0.0264 0.8499 -0.5258
161.0000 -43.4613 -255.9863 -1.2936 -0.0234 0.0261 0.8510 -0.5240
162.0000 -44.5093 -258.0637 -1.3060 -0.0235 0.0260 0.8520 -0.5223
163.0000 -45.5646 -260.1365 -1.3201 -0.0235 0.0264 0.8530 -0.5207
164.0000 -46.7405 -262.4149 -1.3350 -0.0237 0.0271 0.8541 -0.5189
165.0000 -47.8171 -264.4834 -1.3467 -0.0239 0.0283 0.8550 -0.5173
166.0000 -48.9034 -266.5533 -1.3572 -0.0240 0.0287 0.8558 -0.5159
167.0000 -50.1113 -268.8293 -1.3706 -0.0240 0.0299 0.8567 -0.5143
168.0000 -51.2222 -270.9033 -1.3833 -0.0239 0.0310 0.8575 -0.5130
169.0000 -52.4586 -273.1903 -1.3978 -0.0240 0.0315 0.8583 -0.5115
170.0000 -53.5933 -275.2752 -1.4134 -0.0239 0.0320 0.8593 -0.5100
171.0000 -54.7380 -277.3651 -1.4281 -0.0234 0.0316 0.8602 -0.5085
172.0000 -56.0129 -279.6686 -1.4433 -0.0233 0.0321 0.8612 -0.5067
173.0000 -57.1810 -281.7695 -1.4542 -0.0228 0.0319 0.8621 -0.5052
174.0000 -58.3605 -283.8754 -1.4639 -0.0222 0.0314 0.8629 -0.5039
175.0000 -59.6756 -286.1991 -1.4747 -0.0227 0.0317 0.8638 -0.5024
176.0000 -60.8840 -288.3165 -1.4861 -0.0235 0.0322 0.8643 -0.5014
177.0000 -62.1033 -290.4402 -1.4999 -0.0240 0.0323 0.8649 -0.5004
178.0000 -63.4520 -292.7840 -1.5174 -0.0240 0.0323 0.8655 -0.4992
179.0000 -64.6899 -294.9214 -1.5340 -0.0241 0.0319 0.8662 -0.4981
180.0000 -66.0653 -297.2798 -1.5543 -0.0247 0.0321 0.8669 -0.4968
181.0000 -67.3262 -299.4300 -1.5748 -0.0250 0.0322 0.8675 -0.4957
182.0000 -68.5956 -301.5856 -1.5947 -0.0245 0.0323 0.8681 -0.4948
183.0000 -70.0026 -303.9618 -1.6149 -0.0231 0.0327 0.8688 -0.4935
184.0000 -71.2946 -306.1294 -1.6292 -0.0227 0.0320 0.8697 -0.4919
185.0000 -72.5968 -308.3040 -1.6440 -0.0227 0.0305 0.8710 -0.4899
186.0000 -74.0467 -310.6999 -1.6640 -0.0228 0.0290 0.8724 -0.4873
187.0000 -75.3827 -312.8784 -1.6865 -0.0229 0.0281 0.8737 -0.4850
188.0000 -76.7387 -315.0557 -1.7111 -0.0230 0.0282 0.8749 -0.4828
189.0000 -78.2490 -317.4503 -1.7424 -0.0237 0.0292 0.8762 -0.4805
190.0000 -79.6398 -319.6287 -1.7691 -0.0239 0.0299 0.8772 -0.4786
191.0000 -81.1847 -322.0258 -1.7966 -0.0243 0.0299 0.8783 -0.4765
192.0000 -82.6010 -324.2029 -1.8208 -0.0254 0.0295 0.8794 -0.4746
193.0000 -84.0274 -326.3758 -1.8462 -0.0255 0.0287 0.8804 -0.4726
194.0000 -85.6079 -328.7596 -1.8771 -0.0253 0.0284 0.8816 -0.4705
195.0000 -87.0555 -330.9229 -1.9056 -0.0255 0.0280 0.8827 -0.4685
196.0000 -88.5162 -333.0807 -1.9368 -0.0266 0.0282 0.8837 -0.4664
197.0000 -90.1369 -335.4483 -1.9740 -0.0269 0.0284 0.8849 -0.4641
198.0000 -91.6190 -337.5967 -2.0116 -0.0266 0.0276 0.8859 -0.4623
199.0000 -93.1143 -339.7404 -2.0528 -0.0271 0.0270 0.8868 -0.4605
200.0000 -94.7728 -342.0940 -2.1011 -0.0278 0.0267 0.8877 -0.4588
201.0000 -96.2875 -344.2304 -2.1462 -0.0271 0.0260 0.8885 -0.4574
202.0000 -97.9589 -346.5780 -2.1952 -0.0254 0.0245 0.8894 -0.4558
203.0000 -99.4875 -348.7090 -2.2381 -0.0243 0.0234 0.8903 -0.4542
204.0000 -101.0270 -350.8374 -2.2776 -0.0246 0.0218 0.8911 -0.4526
205.0000 -102.7332 -353.1682 -2.3246 -0.0254 0.0216 0.8920 -0.4508
206.0000 -104.2900 -355.2815 -2.3690 -0.0251 0.0214 0.8928 -0.4492
207.0000 -105.8563 -357.3873 -2.4101 -0.0243 0.0212 0.8936 -0.4477
208.0000 -107.5892 -359.7037 -2.4575 -0.0252 0.0190 0.8945 -0.4459
209.0000 -109.1709 -361.8017 -2.5112 -0.0252 0.0175 0.8954 -0.4442
210.0000 -110.7583 -363.8929 -2.5684 -0.0250 0.0174 0.8962 -0.4426
211.0000 -112.5139 -366.1835 -2.6294 -0.0248 0.0171 0.8970 -0.4410
212.0000 -114.1179 -368.2596 -2.6830 -0.0250 0.0170 0.8977 -0.4396
213.0000 -115.8909 -370.5353 -2.7413 -0.0255 0.0163 0.8985 -0.4379
214.0000 -117.5062 -372.5967 -2.7938 -0.0246 0.0154 0.8993 -0.4364
215.0000 -119.1190 -374.6546 -2.8440 -0.0213 0.0122 0.9001 -0.4350
216.0000 -120.8939 -376.9045 -2.8875 -0.0152 0.0099 0.9012 -0.4331
217.0000 -122.5315 -378.9322 -2.9110 -0.0149 0.0152 0.9019 -0.4314
218.0000 -124.1848 -380.9561 -2.9322 -0.0181 0.0179 0.9021 -0.4307
219.0000 -126.0038 -383.1967 -2.9762 -0.0240 0.0146 0.9025 -0.4298
220.0000 -127.6505 -385.2309 -3.0427 -0.0265 0.0105 0.9032 -0.4283
221.0000 -129.4615 -387.4601 -3.1312 -0.0266 0.0071 0.9041 -0.4265
222.0000 -131.1144 -389.4723 -3.2107 -0.0261 0.0066 0.9048 -0.4249
223.0000 -132.7798 -391.4711 -3.2865 -0.0265 0.0092 0.9055 -0.4234
224.0000 -134.6161 -393.6582 -3.3621 -0.0253 0.0127 0.9062 -0.4220
225.0000 -136.2928 -395.6410 -3.4239 -0.0242 0.0141 0.9068 -0.4205
226.0000 -137.9753 -397.6231 -3.4842 -0.0245 0.0136 0.9076 -0.4189
227.0000 -139.8292 -399.7982 -3.5539 -0.0252 0.0136 0.9084 -0.4171
228.0000 -141.5232 -401.7672 -3.6201 -0.0259 0.0137 0.9090 -0.4157
229.0000 -143.2263 -403.7256 -3.6852 -0.0261 0.0140 0.9095 -0.4146
230.0000 -145.1048 -405.8769 -3.7597 -0.0263 0.0140 0.9099 -0.4137
231.0000 -146.8161 -407.8270 -3.8269 -0.0265 0.0144 0.9102 -0.4130
232.0000 -148.7029 -409.9717 -3.9029 -0.0276 0.0147 0.9105 -0.4123
233.0000 -150.4191 -411.9194 -3.9775 -0.0292 0.0149 0.9107 -0.4117
234.0000 -152.1390 -413.8640 -4.0585 -0.0304 0.0152 0.9110 -0.4110
235.0000 -154.0285 -415.9966 -4.1489 -0.0295 0.0152 0.9113 -0.4103
236.0000 -155.7453 -417.9335 -4.2287 -0.0272 0.0142 0.9118 -0.4095
237.0000 -157.4668 -419.8669 -4.3011 -0.0257 0.0132 0.9122 -0.4088
238.0000 -159.3648 -421.9915 -4.3751 -0.0259 0.0126 0.9125 -0.4081
239.0000 -161.0926 -423.9200 -4.4442 -0.0257 0.0118 0.9127 -0.4076
240.0000 -162.8206 -425.8432 -4.5152 -0.0243 0.0109 0.9130 -0.4071
241.0000 -164.7255 -427.9576 -4.5920 -0.0243 0.0102 0.9132 -0.4066
242.0000 -166.4624 -429.8762 -4.6635 -0.0255 0.0099 0.9133 -0.4064
243.0000 -168.3718 -431.9817 -4.7456 -0.0273 0.0103 0.9132 -0.4064
244.0000 -170.1063 -433.8876 -4.8218 -0.0308 0.0111 0.9129 -0.4069
245.0000 -171.8404 -435.7996 -4.9212 -0.0338 0.0119 0.9124 -0.4077
246.0000 -173.7291 -437.9073 -5.0359 -0.0320 0.0102 0.9119 -0.4089
247.0000 -175.4374 -439.8284 -5.1265 -0.0276 0.0084 0.9119 -0.4094
248.0000 -177.1508 -441.7592 -5.2054 -0.0256 0.0062 0.9115 -0.4105
249.0000 -179.0323 -443.8859 -5.2996 -0.0250 0.0055 0.9108 -0.4121
250.0000 -180.7397 -445.8207 -5.3912 -0.0258 0.0060 0.9100 -0.4137
251.0000 -182.4375 -447.7579 -5.4858 -0.0261 0.0064 0.9093 -0.4154
252.0000 -184.2943 -449.8936 -5.5813 -0.0241 0.0062 0.9086 -0.4169
253.0000 -185.9723 -451.8468 -5.6631 -0.0229 0.0031 0.9082 -0.4179
254.0000 -187.8108 -454.0038 -5.7499 -0.0214 -0.0014 0.9079 -0.4185
255.0000 -189.4762 -455.9635 -5.8314 -0.0192 -0.0040 0.9078 -0.4189
256.0000 -191.1441 -457.9218 -5.9095 -0.0184 -0.0049 0.9077 -0.4192
257.0000 -192.9832 -460.0740 -5.9941 -0.0195 -0.0044 0.9073 -0.4199
258.0000 -194.6536 -462.0322 -6.0756 -0.0212 -0.0041 0.9069 -0.4207
259.0000 -196.3172 -463.9933 -6.1612 -0.0216 -0.0050 0.9066 -0.4215
260.0000 -198.1386 -466.1521 -6.2572 -0.0204 -0.0058 0.9063 -0.4221
261.0000 -199.7929 -468.1149 -6.3412 -0.0193 -0.0057 0.9061 -0.4226
262.0000 -201.4464 -470.0786 -6.4184 -0.0186 -0.0053 0.9058 -0.4232
263.0000 -203.2669 -472.2417 -6.5016 -0.0196 -0.0045 0.9055 -0.4239
264.0000 -204.9197 -474.2104 -6.5785 -0.0206 -0.0040 0.9051 -0.4246
265.0000 -206.7316 -476.3783 -6.6672 -0.0209 -0.0041 0.9049 -0.4252
266.0000 -208.3743 -478.3512 -6.7484 -0.0208 -0.0042 0.9046 -0.4257
267.0000 -210.0155 -480.3271 -6.8313 -0.0212 -0.0046 0.9044 -0.4262
268.0000 -211.8180 -482.5021 -6.9250 -0.0216 -0.0051 0.9042 -0.4266
269.0000 -213.4533 -484.4788 -7.0111 -0.0209 -0.0050 0.9040 -0.4269
270.0000 -215.0881 -486.4562 -7.0937 -0.0201 -0.0046 0.9039 -0.4272
271.0000 -216.8891 -488.6340 -7.1821 -0.0206 -0.0046 0.9038 -0.4275
272.0000 -218.5240 -490.6161 -7.2643 -0.0211 -0.0051 0.9036 -0.4278
273.0000 -220.1566 -492.5973 -7.3456 -0.0210 -0.0058 0.9036 -0.4279
274.0000 -221.9501 -494.7771 -7.4324 -0.0209 -0.0061 0.9036 -0.4278
275.0000 -223.5820 -496.7578 -7.5127 -0.0208 -0.0060 0.9037 -0.4277
276.0000 -225.3784 -498.9360 -7.5990 -0.0209 -0.0057 0.9037 -0.4275
277.0000 -227.0146 -500.9182 -7.6742 -0.0216 -0.0062 0.9038 -0.4274
278.0000 -228.6489 -502.9004 -7.7566 -0.0219 -0.0070 0.9038 -0.4273
279.0000 -230.4471 -505.0786 -7.8501 -0.0220 -0.0072 0.9039 -0.4271
280.0000 -232.0801 -507.0577 -7.9380 -0.0216 -0.0074 0.9039 -0.4271
281.0000 -233.7142 -509.0357 -8.0256 -0.0214 -0.0073 0.9040 -0.4270
282.0000 -235.5138 -511.2114 -8.1193 -0.0215 -0.0067 0.9039 -0.4271
283.0000 -237.1486 -513.1906 -8.2046 -0.0216 -0.0068 0.9038 -0.4273
284.0000 -238.9464 -515.3681 -8.2988 -0.0216 -0.0069 0.9038 -0.4273
285.0000 -240.5792 -517.3475 -8.3851 -0.0212 -0.0069 0.9038 -0.4273
286.0000 -242.2131 -519.3287 -8.4707 -0.0213 -0.0074 0.9038 -0.4274
287.0000 -244.0110 -521.5073 -8.5690 -0.0218 -0.0074 0.9037 -0.4275
288.0000 -245.6449 -523.4892 -8.6609 -0.0225 -0.0078 0.9036 -0.4277
289.0000 -247.2765 -525.4696 -8.7553 -0.0223 -0.0075 0.9036 -0.4278
290.0000 -249.0722 -527.6484 -8.8590 -0.0225 -0.0069 0.9035 -0.4279
291.0000 -250.7042 -529.6307 -8.9540 -0.0229 -0.0068 0.9034 -0.4281
292.0000 -252.3346 -531.6144 -9.0501 -0.0231 -0.0072 0.9034 -0.4282
293.0000 -254.1268 -533.7958 -9.1559 -0.0226 -0.0074 0.9034 -0.4281
294.0000 -255.7568 -535.7796 -9.2510 -0.0225 -0.0074 0.9035 -0.4280
295.0000 -257.3885 -537.7645 -9.3461 -0.0230 -0.0078 0.9035 -0.4280
296.0000 -259.1838 -539.9483 -9.4553 -0.0238 -0.0084 0.9035 -0.4279
297.0000 -260.8146 -541.9336 -9.5576 -0.0240 -0.0091 0.9035 -0.4277
298.0000 -262.6076 -544.1139 -9.6711 -0.0228 -0.0087 0.9037 -0.4276
299.0000 -264.2386 -546.0950 -9.7692 -0.0214 -0.0083 0.9038 -0.4274
300.0000 -265.8721 -548.0778 -9.8624 -0.0213 -0.0081 0.9038 -0.4274
301.0000 -267.6722 -550.2612 -9.9658 -0.0228 -0.0085 0.9037 -0.4274
302.0000 -269.3085 -552.2448 -10.0663 -0.0238 -0.0086 0.9037 -0.4274
303.0000 -270.9433 -554.2263 -10.1703 -0.0237 -0.0081 0.9037 -0.4274
304.0000 -272.7416 -556.4067 -10.2841 -0.0234 -0.0078 0.9037 -0.4274
305.0000 -274.3778 -558.3893 -10.3853 -0.0233 -0.0075 0.9037 -0.4274
306.0000 -276.1790 -560.5712 -10.4959 -0.0239 -0.0071 0.9037 -0.4275
307.0000 -277.8168 -562.5557 -10.5968 -0.0245 -0.0069 0.9036 -0.4275
308.0000 -279.4528 -564.5415 -10.7008 -0.0248 -0.0075 0.9036 -0.4277
309.0000 -281.2515 -566.7249 -10.8181 -0.0251 -0.0074 0.9035 -0.4277
310.0000 -282.8877 -568.7094 -10.9249 -0.0252 -0.0070 0.9035 -0.4279
311.0000 -284.5235 -570.6958 -11.0340 -0.0262 -0.0072 0.9033 -0.4281
312.0000 -286.3191 -572.8811 -11.1559 -0.0259 -0.0078 0.9032 -0.4283
313.0000 -287.9498 -574.8693 -11.2673 -0.0259 -0.0088 0.9031 -0.4285
314.0000 -289.7415 -577.0527 -11.3907 -0.0253 -0.0084 0.9031 -0.4287
315.0000 -291.3703 -579.0356 -11.4996 -0.0252 -0.0077 0.9029 -0.4290
316.0000 -292.9982 -581.0183 -11.6068 -0.0254 -0.0070 0.9027 -0.4294
317.0000 -294.7867 -583.2017 -11.7237 -0.0258 -0.0069 0.9025 -0.4298
318.0000 -296.4098 -585.1887 -11.8316 -0.0265 -0.0074 0.9023 -0.4302
319.0000 -298.1924 -587.3715 -11.9498 -0.0260 -0.0070 0.9022 -0.4305
320.0000 -299.8085 -589.3572 -12.0555 -0.0257 -0.0072 0.9020 -0.4309
321.0000 -301.4237 -591.3437 -12.1609 -0.0256 -0.0075 0.9019 -0.4312
322.0000 -303.0365 -593.3313 -12.2670 -0.0256 -0.0077 0.9017 -0.4315
323.0000 -304.8084 -595.5199 -12.3874 -0.0257 -0.0081 0.9015 -0.4319
324.0000 -306.4181 -597.5111 -12.4959 -0.0255 -0.0087 0.9014 -0.4321
325.0000 -308.1865 -599.7031 -12.6162 -0.0249 -0.0094 0.9013 -0.4323
326.0000 -309.7940 -601.6945 -12.7237 -0.0241 -0.0095 0.9014 -0.4322
327.0000 -311.4050 -603.6870 -12.8322 -0.0247 -0.0096 0.9014 -0.4321
328.0000 -313.1780 -605.8784 -12.9537 -0.0256 -0.0097 0.9014 -0.4321
329.0000 -314.7884 -607.8717 -13.0673 -0.0257 -0.0103 0.9015 -0.4320
330.0000 -316.3989 -609.8639 -13.1800 -0.0249 -0.0104 0.9015 -0.4319
331.0000 -318.1715 -612.0530 -13.3011 -0.0239 -0.0097 0.9016 -0.4318
332.0000 -319.7832 -614.0429 -13.4078 -0.0235 -0.0091 0.9015 -0.4319
333.0000 -321.5571 -616.2347 -13.5210 -0.0235 -0.0089 0.9015 -0.4320
334.0000 -323.1692 -618.2289 -13.6238 -0.0242 -0.0093 0.9015 -0.4320
335.0000 -324.7812 -620.2238 -13.7311 -0.0250 -0.0092 0.9015 -0.4320
336.0000 -326.5536 -622.4183 -13.8520 -0.0252 -0.0091 0.9014 -0.4321
337.0000 -328.1640 -624.4136 -13.9627 -0.0249 -0.0092 0.9014 -0.4322
338.0000 -329.7742 -626.4095 -14.0731 -0.0246 -0.0091 0.9013 -0.4323
339.0000 -331.5461 -628.6057 -14.1931 -0.0249 -0.0091 0.9012 -0.4325
340.0000 -333.1557 -630.6026 -14.3012 -0.0248 -0.0091 0.9011 -0.4327
341.0000 -334.7630 -632.5993 -14.4118 -0.0250 -0.0095 0.9011 -0.4329
342.0000 -336.5312 -634.7947 -14.5329 -0.0249 -0.0098 0.9010 -0.4331
343.0000 -338.1365 -636.7884 -14.6434 -0.0242 -0.0093 0.9009 -0.4333
344.0000 -339.9024 -638.9844 -14.7621 -0.0243 -0.0094 0.9007 -0.4336
345.0000 -341.5083 -640.9807 -14.8701 -0.0248 -0.0095 0.9006 -0.4338
346.0000 -343.1130 -642.9763 -14.9815 -0.0252 -0.0094 0.9005 -0.4340
347.0000 -344.8745 -645.1709 -15.1036 -0.0247 -0.0091 0.9004 -0.4342
348.0000 -346.4739 -647.1662 -15.2108 -0.0242 -0.0086 0.9003 -0.4345
349.0000 -348.0720 -649.1632 -15.3156 -0.0242 -0.0083 0.9002 -0.4348
350.0000 -349.8292 -651.3612 -15.4326 -0.0252 -0.0083 0.9000 -0.4352
351.0000 -351.4254 -653.3590 -15.5413 -0.0256 -0.0085 0.8998 -0.4354
352.0000 -353.1777 -655.5574 -15.6628 -0.0257 -0.0085 0.8997 -0.4357
353.0000 -354.7702 -657.5573 -15.7739 -0.0258 -0.0089 0.8996 -0.4359
354.0000 -356.3606 -659.5573 -15.8849 -0.0254 -0.0087 0.8995 -0.4362
355.0000 -358.1089 -661.7576 -16.0057 -0.0248 -0.0084 0.8993 -0.4365
356.0000 -359.6991 -663.7593 -16.1145 -0.0245 -0.0083 0.8992 -0.4367
357.0000 -361.2889 -665.7618 -16.2213 -0.0243 -0.0084 0.8992 -0.4368
358.0000 -363.0360 -667.9662 -16.3388 -0.0244 -0.0088 0.8992 -0.4368
359.0000 -364.6243 -669.9706 -16.4453 -0.0241 -0.0089 0.8992 -0.4367
360.0000 -366.2131 -671.9763 -16.5514 -0.0240 -0.0093 0.8993 -0.4366
361.0000 -367.9614 -674.1819 -16.6686 -0.0236 -0.0097 0.8994 -0.4364
362.0000 -369.5529 -676.1859 -16.7746 -0.0234 -0.0098 0.8995 -0.4362
363.0000 -371.3068 -678.3906 -16.8903 -0.0238 -0.0098 0.8996 -0.4360
364.0000 -372.9023 -680.3942 -16.9964 -0.0242 -0.0098 0.8997 -0.4358
365.0000 -374.4993 -682.3963 -17.1055 -0.0249 -0.0093 0.8998 -0.4356
366.0000 -376.2551 -684.5998 -17.2259 -0.0250 -0.0095 0.8998 -0.4355
367.0000 -377.8502 -686.6010 -17.3349 -0.0245 -0.0095 0.8999 -0.4354
368.0000 -379.4476 -688.6011 -17.4421 -0.0241 -0.0091 0.8999 -0.4354
369.0000 -381.2074 -690.8013 -17.5584 -0.0245 -0.0083 0.8998 -0.4355
370.0000 -382.8061 -692.8030 -17.6626 -0.0246 -0.0077 0.8997 -0.4358
371.0000 -384.5647 -695.0069 -17.7766 -0.0252 -0.0073 0.8995 -0.4361
372.0000 -386.1602 -697.0110 -17.8808 -0.0252 -0.0070 0.8994 -0.4363
373.0000 -387.7546 -699.0141 -17.9879 -0.0249 -0.0070 0.8993 -0.4366
374.0000 -389.5070 -701.2189 -18.1053 -0.0244 -0.0073 0.8992 -0.4369
375.0000 -391.0989 -703.2228 -18.2089 -0.0241 -0.0073 0.8991 -0.4371
376.0000 -392.6917 -705.2283 -18.3115 -0.0240 -0.0076 0.8989 -0.4374
377.0000 -394.4448 -707.4352 -18.4246 -0.0251 -0.0076 0.8988 -0.4376
378.0000 -396.0368 -709.4417 -18.5311 -0.0257 -0.0075 0.8986 -0.4380
379.0000 -397.6232 -711.4483 -18.6414 -0.0259 -0.0071 0.8984 -0.4383
380.0000 -399.3623 -713.6543 -18.7670 -0.0256 -0.0065 0.8983 -0.4386
381.0000 -400.9402 -715.6602 -18.8811 -0.0251 -0.0063 0.8981 -0.4390
382.0000 -402.6732 -717.8641 -19.0043 -0.0246 -0.0058 0.8979 -0.4395
383.0000 -404.2471 -719.8711 -19.1186 -0.0245 -0.0058 0.8977 -0.4398
384.0000 -405.8198 -721.8794 -19.2326 -0.0242 -0.0053 0.8976 -0.4402
385.0000 -407.5474 -724.0906 -19.3570 -0.0241 -0.0051 0.8973 -0.4407
386.0000 -409.1179 -726.1069 -19.4618 -0.0242 -0.0060 0.8971 -0.4411
387.0000 -410.6831 -728.1239 -19.5817 -0.0237 -0.0069 0.8970 -0.4414
388.0000 -412.4036 -730.3409 -19.7049 -0.0233 -0.0069 0.8968 -0.4417
389.0000 -413.9687 -732.3531 -19.8140 -0.0232 -0.0062 0.8967 -0.4420
390.0000 -415.5343 -734.3681 -19.9166 -0.0231 -0.0052 0.8965 -0.4424
391.0000 -417.2554 -736.5862 -20.0259 -0.0232 -0.0052 0.8964 -0.4427
392.0000 -418.8189 -738.6071 -20.1229 -0.0238 -0.0058 0.8964 -0.4426
393.0000 -420.5362 -740.8290 -20.2314 -0.0237 -0.0070 0.8964 -0.4425
394.0000 -422.0962 -742.8487 -20.3323 -0.0231 -0.0073 0.8965 -0.4424
395.0000 -423.6570 -744.8667 -20.4306 -0.0220 -0.0070 0.8965 -0.4425
396.0000 -425.3800 -747.0884 -20.5293 -0.0228 -0.0067 0.8963 -0.4428
397.0000 -426.9466 -749.1075 -20.6275 -0.0240 -0.0060 0.8961 -0.4431
398.0000 -428.5108 -751.1264 -20.7309 -0.0248 -0.0051 0.8959 -0.4434
399.0000 -430.2285 -753.3484 -20.8426 -0.0247 -0.0041 0.8958 -0.4438
400.0000 -431.7864 -755.3705 -20.9315 -0.0235 -0.0035 0.8957 -0.4440
401.0000 -433.5001 -757.5977 -21.0246 -0.0226 -0.0029 0.8955 -0.4444
402.0000 -435.0585 -759.6247 -21.1012 -0.0227 -0.0026 0.8953 -0.4450
403.0000 -436.6149 -761.6560 -21.1801 -0.0236 -0.0028 0.8950 -0.4455
404.0000 -438.3237 -763.8913 -21.2725 -0.0238 -0.0032 0.8947 -0.4459
405.0000 -439.8739 -765.9249 -21.3595 -0.0234 -0.0033 0.8945 -0.4464
406.0000 -441.4230 -767.9609 -21.4455 -0.0232 -0.0036 0.8943 -0.4468
407.0000 -443.1253 -770.2018 -21.5364 -0.0232 -0.0038 0.8941 -0.4473
408.0000 -444.6701 -772.2399 -21.6211 -0.0228 -0.0036 0.8939 -0.4478
409.0000 -446.2130 -774.2796 -21.7048 -0.0221 -0.0039 0.8936 -0.4482
410.0000 -447.9098 -776.5242 -21.7981 -0.0224 -0.0034 0.8935 -0.4485
411.0000 -449.4505 -778.5657 -21.8805 -0.0226 -0.0035 0.8934 -0.4487
412.0000 -451.1434 -780.8133 -21.9735 -0.0229 -0.0041 0.8933 -0.4488
413.0000 -452.6797 -782.8562 -22.0599 -0.0229 -0.0049 0.8934 -0.4487
414.0000 -454.2142 -784.8968 -22.1475 -0.0222 -0.0053 0.8935 -0.4485
415.0000 -455.9024 -787.1391 -22.2419 -0.0214 -0.0054 0.8936 -0.4483
416.0000 -457.4390 -789.1758 -22.3262 -0.0214 -0.0054 0.8937 -0.4481
417.0000 -458.9762 -791.2099 -22.4104 -0.0216 -0.0050 0.8938 -0.4478
418.0000 -460.6684 -793.4442 -22.5012 -0.0220 -0.0045 0.8940 -0.4475
419.0000 -462.2075 -795.4731 -22.5840 -0.0221 -0.0042 0.8941 -0.4472
420.0000 -463.7466 -797.5004 -22.6699 -0.0230 -0.0044 0.8943 -0.4469
421.0000 -465.4374 -799.7279 -22.7664 -0.0229 -0.0048 0.8944 -0.4467
422.0000 -466.9721 -801.7496 -22.8523 -0.0215 -0.0047 0.8944 -0.4467
423.0000 -468.6605 -803.9720 -22.9418 -0.0204 -0.0043 0.8944 -0.4467
424.0000 -470.1966 -805.9929 -23.0179 -0.0200 -0.0039 0.8944 -0.4469
425.0000 -471.7338 -808.0151 -23.0934 -0.0204 -0.0038 0.8942 -0.4471
426.0000 -473.4232 -810.2407 -23.1783 -0.0207 -0.0040 0.8941 -0.4474
427.0000 -474.9583 -812.2642 -23.2582 -0.0211 -0.0038 0.8939 -0.4477
428.0000 -476.4932 -814.2892 -23.3403 -0.0216 -0.0033 0.8937 -0.4482
429.0000 -478.1795 -816.5190 -23.4302 -0.0219 -0.0029 0.8934 -0.4488
430.0000 -479.7096 -818.5488 -23.5133 -0.0220 -0.0027 0.8931 -0.4494
431.0000 -481.2374 -820.5817 -23.5977 -0.0223 -0.0028 0.8927 -0.4500
432.0000 -482.9154 -822.8208 -23.6898 -0.0225 -0.0025 0.8924 -0.4507
433.0000 -484.4389 -824.8601 -23.7746 -0.0226 -0.0026 0.8921 -0.4513
434.0000 -486.1116 -827.1080 -23.8704 -0.0231 -0.0032 0.8917 -0.4519
435.0000 -487.6298 -829.1558 -23.9599 -0.0233 -0.0036 0.8914 -0.4525
436.0000 -489.1440 -831.2047 -24.0500 -0.0225 -0.0040 0.8912 -0.4530
437.0000 -490.8108 -833.4623 -24.1496 -0.0224 -0.0041 0.8910 -0.4535
438.0000 -492.3262 -835.5163 -24.2401 -0.0228 -0.0037 0.8908 -0.4539
439.0000 -493.8407 -837.5736 -24.3315 -0.0230 -0.0038 0.8907 -0.4541
440.0000 -495.5067 -839.8391 -24.4326 -0.0231 -0.0038 0.8907 -0.4540
441.0000 -497.0217 -841.9028 -24.5257 -0.0240 -0.0050 0.8907 -0.4539
442.0000 -498.6871 -844.1729 -24.6321 -0.0237 -0.0057 0.8908 -0.4538
443.0000 -500.2020 -846.2371 -24.7311 -0.0233 -0.0063 0.8909 -0.4537
444.0000 -501.7186 -848.3014 -24.8271 -0.0224 -0.0062 0.8909 -0.4537
445.0000 -503.3886 -850.5742 -24.9310 -0.0225 -0.0065 0.8907 -0.4540
446.0000 -504.9068 -852.6449 -25.0273 -0.0230 -0.0071 0.8906 -0.4542
447.0000 -506.4238 -854.7133 -25.1230 -0.0223 -0.0069 0.8905 -0.4544
448.0000 -508.0937 -856.9901 -25.2258 -0.0217 -0.0064 0.8904 -0.4546
449.0000 -509.6138 -859.0620 -25.3195 -0.0225 -0.0058 0.8903 -0.4548
450.0000 -511.1353 -861.1353 -25.4139 -0.0236 -0.0060 0.8902 -0.4549
451.0000 -512.8070 -863.4172 -25.5217 -0.0247 -0.0063 0.8901 -0.4550
452.0000 -514.3241 -865.4906 -25.6219 -0.0248 -0.0066 0.8901 -0.4551
453.0000 -515.9894 -867.7716 -25.7360 -0.0254 -0.0073 0.8899 -0.4554
454.0000 -517.5017 -869.8407 -25.8381 -0.0251 -0.0067 0.8897 -0.4558
455.0000 -519.0142 -871.9083 -25.9382 -0.0251 -0.0057 0.8894 -0.4564
456.0000 -520.6738 -874.1832 -26.0474 -0.0256 -0.0046 0.8890 -0.4572
457.0000 -522.1793 -876.2545 -26.1465 -0.0261 -0.0043 0.8886 -0.4580
458.0000 -523.6787 -878.3265 -26.2470 -0.0269 -0.0046 0.8882 -0.4587
459.0000 -525.3210 -880.6046 -26.3585 -0.0273 -0.0046 0.8878 -0.4594
460.0000 -526.8069 -882.6753 -26.4620 -0.0279 -0.0047 0.8875 -0.4600
461.0000 -528.4348 -884.9528 -26.5780 -0.0279 -0.0053 0.8872 -0.4606
462.0000 -529.9080 -887.0209 -26.6819 -0.0274 -0.0057 0.8869 -0.4612
463.0000 -531.3761 -889.0882 -26.7856 -0.0272 -0.0059 0.8866 -0.4618
464.0000 -532.9866 -891.3604 -26.9004 -0.0274 -0.0059 0.8862 -0.4624
465.0000 -534.4464 -893.4245 -27.0044 -0.0274 -0.0057 0.8859 -0.4630
466.0000 -535.9012 -895.4875 -27.1072 -0.0273 -0.0052 0.8856 -0.4636
467.0000 -537.4980 -897.7578 -27.2212 -0.0279 -0.0056 0.8853 -0.4641
468.0000 -538.9460 -899.8198 -27.3294 -0.0286 -0.0054 0.8851 -0.4645
469.0000 -540.3894 -901.8821 -27.4393 -0.0287 -0.0056 0.8849 -0.4649
470.0000 -541.9721 -904.1520 -27.5627 -0.0286 -0.0060 0.8847 -0.4653
471.0000 -543.4075 -906.2136 -27.6738 -0.0283 -0.0061 0.8845 -0.4656
472.0000 -544.9833 -908.4804 -27.7933 -0.0278 -0.0065 0.8844 -0.4659
473.0000 -546.4138 -910.5394 -27.9028 -0.0277 -0.0067 0.8842 -0.4662
474.0000 -547.8437 -912.5967 -28.0111 -0.0275 -0.0062 0.8841 -0.4664
475.0000 -549.4145 -914.8578 -28.1279 -0.0270 -0.0053 0.8840 -0.4666
476.0000 -550.8468 -916.9190 -28.2314 -0.0276 -0.0052 0.8839 -0.4668
477.0000 -552.2713 -918.9852 -28.3387 -0.0292 -0.0055 0.8838 -0.4669
478.0000 -553.8303 -921.2551 -28.4717 -0.0291 -0.0064 0.8837 -0.4670
479.0000 -555.2403 -923.3137 -28.5847 -0.0252 -0.0058 0.8838 -0.4671
480.0000 -556.6532 -925.3691 -28.6777 -0.0226 -0.0050 0.8839 -0.4671
481.0000 -558.2146 -927.6406 -28.7804 -0.0244 -0.0067 0.8838 -0.4672
482.0000 -559.6336 -929.7065 -28.8902 -0.0275 -0.0082 0.8836 -0.4673
483.0000 -561.0511 -931.7677 -29.0113 -0.0287 -0.0084 0.8835 -0.4674
484.0000 -562.6077 -934.0329 -29.1483 -0.0288 -0.0077 0.8834 -0.4676
485.0000 -564.0245 -936.0918 -29.2715 -0.0289 -0.0070 0.8833 -0.4679
486.0000 -565.5817 -938.3618 -29.4053 -0.0296 -0.0073 0.8831 -0.4682
487.0000 -566.9960 -940.4265 -29.5291 -0.0298 -0.0079 0.8829 -0.4685
488.0000 -568.4074 -942.4934 -29.6547 -0.0300 -0.0083 0.8827 -0.4689
489.0000 -569.9596 -944.7641 -29.7926 -0.0289 -0.0075 0.8825 -0.4694
490.0000 -571.3710 -946.8321 -29.9163 -0.0289 -0.0072 0.8822 -0.4698
491.0000 -572.7830 -948.9044 -30.0378 -0.0293 -0.0069 0.8819 -0.4704
492.0000 -574.3334 -951.1870 -30.1723 -0.0296 -0.0069 0.8816 -0.4709
493.0000 -575.7387 -953.2624 -30.2964 -0.0293 -0.0066 0.8814 -0.4714
494.0000 -577.2821 -955.5495 -30.4307 -0.0291 -0.0066 0.8811 -0.4719
495.0000 -578.6844 -957.6328 -30.5530 -0.0297 -0.0074 0.8809 -0.4723
496.0000 -580.0859 -959.7148 -30.6730 -0.0300 -0.0071 0.8807 -0.4727
497.0000 -581.6264 -962.0087 -30.8078 -0.0310 -0.0076 0.8804 -0.4731
498.0000 -583.0258 -964.0978 -30.9374 -0.0329 -0.0087 0.8801 -0.4735
499.0000 -584.4211 -966.1872 -31.0743 -0.0334 -0.0101 0.8799 -0.4738
500.0000 -585.9517 -968.4832 -31.2338 -0.0334 -0.0107 0.8798 -0.4740
501.0000 -587.3440 -970.5677 -31.3749 -0.0326 -0.0096 0.8798 -0.4741
502.0000 -588.7395 -972.6519 -31.5110 -0.0326 -0.0081 0.8798 -0.4741
503.0000 -590.2744 -974.9468 -31.6569 -0.0329 -0.0073 0.8798 -0.4742
504.0000 -591.6670 -977.0351 -31.7897 -0.0327 -0.0075 0.8798 -0.4742
505.0000 -593.1949 -979.3353 -31.9366 -0.0319 -0.0093 0.8798 -0.4741
506.0000 -594.5842 -981.4243 -32.0712 -0.0308 -0.0096 0.8799 -0.4740
507.0000 -595.9782 -983.5126 -32.2043 -0.0308 -0.0088 0.8799 -0.4740
508.0000 -597.5165 -985.8107 -32.3490 -0.0323 -0.0079 0.8799 -0.4741
509.0000 -598.9150 -987.8991 -32.4816 -0.0327 -0.0069 0.8798 -0.4742
510.0000 -600.3120 -989.9883 -32.6149 -0.0325 -0.0061 0.8797 -0.4743
511.0000 -601.8470 -992.2888 -32.7593 -0.0327 -0.0061 0.8796 -0.4745
512.0000 -603.2410 -994.3807 -32.8908 -0.0330 -0.0062 0.8795 -0.4747
513.0000 -604.7713 -996.6812 -33.0350 -0.0328 -0.0062 0.8794 -0.4750
514.0000 -606.1597 -998.7717 -33.1639 -0.0320 -0.0061 0.8792 -0.4753
515.0000 -607.5469 -1000.8621 -33.2895 -0.0317 -0.0062 0.8791 -0.4756
516.0000 -609.0709 -1003.1618 -33.4262 -0.0321 -0.0063 0.8789 -0.4759
517.0000 -610.4542 -1005.2529 -33.5522 -0.0330 -0.0068 0.8787 -0.4761
518.0000 -611.8345 -1007.3438 -33.6828 -0.0337 -0.0076 0.8785 -0.4764
519.0000 -613.3477 -1009.6420 -33.8301 -0.0335 -0.0085 0.8785 -0.4765
520.0000 -614.7200 -1011.7271 -33.9636 -0.0322 -0.0083 0.8784 -0.4767
521.0000 -616.0903 -1013.8115 -34.0938 -0.0312 -0.0085 0.8784 -0.4769
522.0000 -617.5996 -1016.1029 -34.2353 -0.0315 -0.0082 0.8782 -0.4771
523.0000 -618.9717 -1018.1834 -34.3648 -0.0322 -0.0078 0.8781 -0.4773
524.0000 -620.4773 -1020.4688 -34.5050 -0.0319 -0.0072 0.8780 -0.4775
525.0000 -621.8449 -1022.5443 -34.6298 -0.0323 -0.0067 0.8780 -0.4776
526.0000 -623.2105 -1024.6184 -34.7541 -0.0332 -0.0063 0.8779 -0.4777
527.0000 -624.7092 -1026.8942 -34.8901 -0.0333 -0.0049 0.8778 -0.4779
528.0000 -626.0683 -1028.9622 -35.0140 -0.0337 -0.0046 0.8776 -0.4783
529.0000 -627.4233 -1031.0310 -35.1397 -0.0340 -0.0051 0.8774 -0.4786
530.0000 -628.9051 -1033.3059 -35.2794 -0.0327 -0.0065 0.8772 -0.4790
531.0000 -630.2459 -1035.3757 -35.4075 -0.0317 -0.0088 0.8771 -0.4792
532.0000 -631.5830 -1037.4427 -35.5359 -0.0304 -0.0099 0.8769 -0.4795
533.0000 -633.0529 -1039.7145 -35.6727 -0.0288 -0.0103 0.8767 -0.4800
534.0000 -634.3913 -1041.7789 -35.7942 -0.0289 -0.0095 0.8765 -0.4805
535.0000 -635.8639 -1044.0513 -35.9269 -0.0299 -0.0092 0.8761 -0.4811
536.0000 -637.1987 -1046.1163 -36.0513 -0.0308 -0.0087 0.8757 -0.4817
537.0000 -638.5294 -1048.1815 -36.1779 -0.0314 -0.0083 0.8754 -0.4823
538.0000 -639.9860 -1050.4519 -36.3149 -0.0303 -0.0079 0.8752 -0.4828
539.0000 -641.3041 -1052.5170 -36.4342 -0.0292 -0.0075 0.8750 -0.4832
540.0000 -642.6226 -1054.5834 -36.5499 -0.0291 -0.0068 0.8748 -0.4835
541.0000 -644.0762 -1056.8606 -36.6793 -0.0309 -0.0065 0.8745 -0.4841
542.0000 -645.3958 -1058.9315 -36.8052 -0.0329 -0.0071 0.8742 -0.4844
543.0000 -646.8377 -1061.2109 -36.9516 -0.0329 -0.0080 0.8740 -0.4848
544.0000 -648.1394 -1063.2844 -37.0865 -0.0319 -0.0102 0.8738 -0.4851
545.0000 -649.4390 -1065.3570 -37.2192 -0.0304 -0.0114 0.8738 -0.4852
546.0000 -650.8721 -1067.6350 -37.3610 -0.0297 -0.0117 0.8737 -0.4854
547.0000 -652.1745 -1069.7049 -37.4867 -0.0289 -0.0113 0.8736 -0.4856
548.0000 -653.4774 -1071.7737 -37.6093 -0.0287 -0.0106 0.8736 -0.4857
549.0000 -654.9120 -1074.0485 -37.7416 -0.0289 -0.0097 0.8736 -0.4857
550.0000 -656.2185 -1076.1159 -37.8607 -0.0297 -0.0083 0.8735 -0.4858
551.0000 -657.5257 -1078.1842 -37.9783 -0.0305 -0.0076 0.8735 -0.4859
552.0000 -658.9587 -1080.4640 -38.1131 -0.0314 -0.0086 0.8734 -0.4860
553.0000 -660.2579 -1082.5341 -38.2393 -0.0313 -0.0086 0.8733 -0.4861
554.0000 -661.5555 -1084.6017 -38.3630 -0.0300 -0.0073 0.8731 -0.4865
555.0000 -662.9860 -1086.8749 -38.4927 -0.0297 -0.0047 0.8729 -0.4870
556.0000 -664.2832 -1088.9451 -38.6032 -0.0296 -0.0038 0.8725 -0.4878
557.0000 -665.7086 -1091.2284 -38.7246 -0.0308 -0.0039 0.8722 -0.4882
558.0000 -666.9961 -1093.3023 -38.8402 -0.0300 -0.0033 0.8719 -0.4887
559.0000 -668.2811 -1095.3864 -38.9574 -0.0315 -0.0058 0.8717 -0.4890
560.0000 -669.6959 -1097.6795 -39.0983 -0.0332 -0.0075 0.8715 -0.4893
561.0000 -670.9818 -1099.7603 -39.2338 -0.0340 -0.0073 0.8712 -0.4896
562.0000 -672.2654 -1101.8377 -39.3687 -0.0333 -0.0063 0.8710 -0.4901
563.0000 -673.6712 -1104.1235 -39.5082 -0.0319 -0.0055 0.8707 -0.4907
564.0000 -674.9467 -1106.2067 -39.6269 -0.0316 -0.0058 0.8705 -0.4912
565.0000 -676.3490 -1108.4997 -39.7592 -0.0320 -0.0060 0.8702 -0.4916
566.0000 -677.6231 -1110.5858 -39.8824 -0.0322 -0.0060 0.8699 -0.4921
567.0000 -678.8920 -1112.6726 -40.0050 -0.0326 -0.0065 0.8697 -0.4925
568.0000 -680.2863 -1114.9710 -40.1423 -0.0333 -0.0068 0.8694 -0.4929
569.0000 -681.5483 -1117.0590 -40.2675 -0.0330 -0.0068 0.8692 -0.4933
570.0000 -682.8109 -1119.1508 -40.3923 -0.0324 -0.0063 0.8690 -0.4937
571.0000 -684.2001 -1121.4577 -40.5277 -0.0320 -0.0062 0.8687 -0.4942
572.0000 -685.4649 -1123.5587 -40.6540 -0.0320 -0.0068 0.8685 -0.4947
573.0000 -686.7286 -1125.6609 -40.7810 -0.0322 -0.0069 0.8682 -0.4950
574.0000 -688.1147 -1127.9723 -40.9196 -0.0317 -0.0062 0.8680 -0.4955
575.0000 -689.3729 -1130.0769 -41.0419 -0.0309 -0.0060 0.8677 -0.4961
576.0000 -690.7565 -1132.3988 -41.1735 -0.0305 -0.0060 0.8674 -0.4966
577.0000 -692.0138 -1134.5112 -41.2901 -0.0302 -0.0057 0.8672 -0.4970
578.0000 -693.2708 -1136.6273 -41.4042 -0.0299 -0.0054 0.8670 -0.4974
579.0000 -694.6516 -1138.9573 -41.5294 -0.0300 -0.0052 0.8668 -0.4978
580.0000 -695.9069 -1141.0803 -41.6441 -0.0303 -0.0053 0.8665 -0.4982
581.0000 -697.1611 -1143.2063 -41.7622 -0.0303 -0.0055 0.8663 -0.4985
582.0000 -698.5384 -1145.5476 -41.8925 -0.0304 -0.0063 0.8662 -0.4987
583.0000 -699.7892 -1147.6772 -42.0120 -0.0300 -0.0067 0.8662 -0.4988
584.0000 -701.1638 -1150.0218 -42.1431 -0.0296 -0.0071 0.8662 -0.4987
585.0000 -702.4156 -1152.1548 -42.2626 -0.0300 -0.0074 0.8663 -0.4986
586.0000 -703.6687 -1154.2879 -42.3841 -0.0301 -0.0073 0.8664 -0.4984
587.0000 -705.0459 -1156.6356 -42.5200 -0.0296 -0.0067 0.8664 -0.4984
588.0000 -706.3012 -1158.7742 -42.6424 -0.0303 -0.0068 0.8665 -0.4983
589.0000 -707.5534 -1160.9125 -42.7666 -0.0306 -0.0064 0.8665 -0.4982
590.0000 -708.9348 -1163.2637 -42.9021 -0.0297 -0.0053 0.8666 -0.4981
591.0000 -710.1905 -1165.4070 -43.0223 -0.0300 -0.0054 0.8666 -0.4980
592.0000 -711.4505 -1167.5531 -43.1435 -0.0306 -0.0062 0.8666 -0.4980
593.0000 -712.8377 -1169.9147 -43.2808 -0.0306 -0.0061 0.8667 -0.4979
594.0000 -714.1016 -1172.0615 -43.4073 -0.0301 -0.0052 0.8666 -0.4980
595.0000 -715.4918 -1174.4260 -43.5401 -0.0295 -0.0040 0.8665 -0.4983
596.0000 -716.7576 -1176.5826 -43.6559 -0.0301 -0.0040 0.8663 -0.4986
597.0000 -718.0252 -1178.7446 -43.7731 -0.0309 -0.0045 0.8661 -0.4989
598.0000 -719.4232 -1181.1274 -43.9117 -0.0327 -0.0055 0.8660 -0.4990
599.0000 -720.6928 -1183.2948 -44.0447 -0.0332 -0.0059 0.8659 -0.4990
600.0000 -721.9618 -1185.4639 -44.1795 -0.0329 -0.0062 0.8659 -0.4992
601.0000 -723.3592 -1187.8552 -44.3278 -0.0318 -0.0062 0.8658 -0.4993
602.0000 -724.6311 -1190.0313 -44.4598 -0.0313 -0.0061 0.8657 -0.4995
603.0000 -725.9070 -1192.2128 -44.5898 -0.0316 -0.0060 0.8656 -0.4997
604.0000 -727.3115 -1194.6159 -44.7303 -0.0313 -0.0056 0.8654 -0.5001
605.0000 -728.5877 -1196.8041 -44.8583 -0.0309 -0.0051 0.8651 -0.5006
606.0000 -729.9910 -1199.2134 -44.9963 -0.0304 -0.0045 0.8649 -0.5009
607.0000 -731.2657 -1201.4089 -45.1190 -0.0306 -0.0045 0.8647 -0.5013
608.0000 -732.5389 -1203.6078 -45.2414 -0.0313 -0.0045 0.8645 -0.5017
609.0000 -733.9389 -1206.0280 -45.3749 -0.0314 -0.0044 0.8643 -0.5020
610.0000 -735.2112 -1208.2328 -45.4981 -0.0317 -0.0045 0.8641 -0.5023
611.0000 -736.4804 -1210.4400 -45.6214 -0.0319 -0.0051 0.8639 -0.5026
612.0000 -737.8755 -1212.8704 -45.7592 -0.0318 -0.0050 0.8637 -0.5030
613.0000 -739.1456 -1215.0826 -45.8819 -0.0321 -0.0047 0.8634 -0.5034
614.0000 -740.4159 -1217.2976 -46.0060 -0.0320 -0.0043 0.8630 -0.5041
615.0000 -741.8134 -1219.7384 -46.1383 -0.0312 -0.0037 0.8626 -0.5049
616.0000 -743.0788 -1221.9630 -46.2563 -0.0305 -0.0034 0.8622 -0.5057
617.0000 -744.4674 -1224.4133 -46.3809 -0.0297 -0.0028 0.8617 -0.5065
618.0000 -745.7294 -1226.6473 -46.4926 -0.0296 -0.0025 0.8613 -0.5072
619.0000 -746.9873 -1228.8848 -46.6043 -0.0299 -0.0027 0.8610 -0.5078
620.0000 -748.3692 -1231.3519 -46.7291 -0.0299 -0.0035 0.8607 -0.5083
621.0000 -749.6219 -1233.5982 -46.8460 -0.0290 -0.0037 0.8605 -0.5085
622.0000 -750.8744 -1235.8471 -46.9617 -0.0279 -0.0036 0.8604 -0.5088
623.0000 -752.2512 -1238.3259 -47.0841 -0.0272 -0.0033 0.8602 -0.5091
624.0000 -753.5055 -1240.5824 -47.1918 -0.0271 -0.0027 0.8601 -0.5094
625.0000 -754.7596 -1242.8440 -47.2976 -0.0275 -0.0026 0.8599 -0.5097
626.0000 -756.1391 -1245.3354 -47.4142 -0.0278 -0.0025 0.8597 -0.5100
627.0000 -757.3927 -1247.6050 -47.5206 -0.0279 -0.0028 0.8596 -0.5103
628.0000 -758.6453 -1249.8790 -47.6294 -0.0281 -0.0033 0.8594 -0.5106
629.0000 -760.0231 -1252.3848 -47.7528 -0.0285 -0.0037 0.8592 -0.5109
630.0000 -761.2763 -1254.6664 -47.8672 -0.0288 -0.0041 0.8590 -0.5112
631.0000 -762.6565 -1257.1811 -47.9978 -0.0300 -0.0043 0.8587 -0.5115
632.0000 -763.9101 -1259.4686 -48.1187 -0.0300 -0.0038 0.8586 -0.5118
633.0000 -765.1606 -1261.7581 -48.2376 -0.0285 -0.0031 0.8584 -0.5122
634.0000 -766.5343 -1264.2789 -48.3589 -0.0258 -0.0018 0.8583 -0.5125
635.0000 -767.7833 -1266.5734 -48.4555 -0.0230 -0.0001 0.8582 -0.5128
636.0000 -769.0353 -1268.8764 -48.5392 -0.0226 0.0004 0.8579 -0.5133
637.0000 -770.4146 -1271.4174 -48.6310 -0.0241 -0.0002 0.8577 -0.5136
638.0000 -771.6659 -1273.7290 -48.7210 -0.0243 -0.0006 0.8575 -0.5139
639.0000 -773.0416 -1276.2776 -48.8259 -0.0256 -0.0016 0.8573 -0.5141
640.0000 -774.2911 -1278.5953 -48.9246 -0.0262 -0.0022 0.8572 -0.5143
641.0000 -775.5401 -1280.9135 -49.0244 -0.0265 -0.0021 0.8571 -0.5145
642.0000 -776.9133 -1283.4650 -49.1348 -0.0266 -0.0021 0.8569 -0.5147
643.0000 -778.1596 -1285.7851 -49.2340 -0.0261 -0.0018 0.8568 -0.5150
644.0000 -779.4044 -1288.1065 -49.3308 -0.0256 -0.0017 0.8566 -0.5153
645.0000 -780.7729 -1290.6600 -49.4330 -0.0247 -0.0012 0.8565 -0.5155
646.0000 -782.0158 -1292.9825 -49.5222 -0.0245 -0.0007 0.8564 -0.5158
647.0000 -783.2585 -1295.3076 -49.6092 -0.0249 -0.0009 0.8562 -0.5160
648.0000 -784.6227 -1297.8664 -49.7073 -0.0251 -0.0013 0.8560 -0.5164
649.0000 -785.8606 -1300.1922 -49.7970 -0.0249 -0.0012 0.8559 -0.5166
650.0000 -787.2210 -1302.7513 -49.8945 -0.0249 -0.0013 0.8557 -0.5168
651.0000 -788.4564 -1305.0764 -49.9829 -0.0246 -0.0008 0.8556 -0.5171
652.0000 -789.6899 -1307.4011 -50.0685 -0.0240 -0.0003 0.8554 -0.5174
653.0000 -791.0450 -1309.9598 -50.1578 -0.0234 0.0004 0.8553 -0.5176
654.0000 -792.2757 -1312.2874 -50.2354 -0.0232 0.0005 0.8552 -0.5178
655.0000 -793.5044 -1314.6168 -50.3111 -0.0233 0.0001 0.8550 -0.5181
656.0000 -794.8555 -1317.1802 -50.3964 -0.0242 -0.0004 0.8548 -0.5184
657.0000 -796.0823 -1319.5084 -50.4786 -0.0245 0.0002 0.8547 -0.5186
658.0000 -797.3016 -1321.8394 -50.5745 -0.0239 0.0008 0.8545 -0.5189
659.0000 -798.6374 -1324.4028 -50.6715 -0.0238 0.0007 0.8543 -0.5192
660.0000 -799.8608 -1326.7416 -50.7725 -0.0236 0.0003 0.8542 -0.5194
661.0000 -801.1945 -1329.3112 -50.8534 -0.0228 0.0004 0.8540 -0.5197
662.0000 -802.4125 -1331.6434 -50.9160 -0.0214 0.0008 0.8539 -0.5200
663.0000 -803.6295 -1333.9765 -50.9745 -0.0206 0.0012 0.8538 -0.5202
664.0000 -804.9679 -1336.5454 -51.0343 -0.0210 0.0011 0.8536 -0.5204
665.0000 -806.1825 -1338.8792 -51.0910 -0.0219 0.0012 0.8535 -0.5206
666.0000 -807.3943 -1341.2139 -51.1495 -0.0224 0.0009 0.8534 -0.5208
667.0000 -808.7248 -1343.7817 -51.2190 -0.0215 0.0010 0.8532 -0.5211
668.0000 -809.9340 -1346.1176 -51.2783 -0.0206 0.0011 0.8531 -0.5213
669.0000 -811.1434 -1348.4540 -51.3394 -0.0202 0.0013 0.8531 -0.5214
670.0000 -812.4729 -1351.0235 -51.4023 -0.0198 0.0017 0.8529 -0.5217
671.0000 -813.6795 -1353.3592 -51.4564 -0.0199 0.0018 0.8528 -0.5219
672.0000 -814.8848 -1355.6945 -51.5106 -0.0205 0.0018 0.8526 -0.5222
673.0000 -816.2087 -1358.2625 -51.5712 -0.0208 0.0016 0.8524 -0.5225
674.0000 -817.4083 -1360.5937 -51.6287 -0.0206 0.0015 0.8523 -0.5227
675.0000 -818.7229 -1363.1557 -51.6925 -0.0205 0.0013 0.8521 -0.5229
676.0000 -819.9161 -1365.4818 -51.7494 -0.0201 0.0017 0.8520 -0.5231
677.0000 -821.1081 -1367.8083 -51.8061 -0.0201 0.0014 0.8518 -0.5234
678.0000 -822.4156 -1370.3638 -51.8680 -0.0200 0.0015 0.8517 -0.5236
679.0000 -823.6010 -1372.6851 -51.9257 -0.0198 0.0017 0.8516 -0.5239
680.0000 -824.7841 -1375.0053 -51.9829 -0.0197 0.0019 0.8514 -0.5241
681.0000 -826.0832 -1377.5567 -52.0430 -0.0193 0.0028 0.8512 -0.5245
682.0000 -827.2628 -1379.8780 -52.0953 -0.0191 0.0031 0.8510 -0.5249
683.0000 -828.4390 -1382.1993 -52.1442 -0.0185 0.0036 0.8507 -0.5253
684.0000 -829.7300 -1384.7546 -52.1941 -0.0180 0.0037 0.8505 -0.5257
685.0000 -830.9010 -1387.0775 -52.2358 -0.0172 0.0040 0.8503 -0.5260
686.0000 -832.1876 -1389.6353 -52.2782 -0.0168 0.0036 0.8501 -0.5264
687.0000 -833.3550 -1391.9619 -52.3160 -0.0166 0.0032 0.8499 -0.5267
688.0000 -834.5209 -1394.2894 -52.3525 -0.0167 0.0029 0.8497 -0.5270
689.0000 -835.8005 -1396.8477 -52.3946 -0.0166 0.0029 0.8494 -0.5274
690.0000 -836.9614 -1399.1749 -52.4317 -0.0170 0.0028 0.8492 -0.5278
691.0000 -838.1211 -1401.4998 -52.4705 -0.0170 0.0029 0.8490 -0.5282
692.0000 -839.3933 -1404.0550 -52.5131 -0.0170 0.0035 0.8487 -0.5285
693.0000 -840.5463 -1406.3768 -52.5493 -0.0172 0.0037 0.8485 -0.5289
694.0000 -841.8121 -1408.9285 -52.5889 -0.0175 0.0041 0.8483 -0.5293
695.0000 -842.9577 -1411.2446 -52.6222 -0.0169 0.0046 0.8480 -0.5297
696.0000 -844.0999 -1413.5588 -52.6542 -0.0165 0.0049 0.8478 -0.5300
697.0000 -845.3530 -1416.1019 -52.6873 -0.0160 0.0052 0.8476 -0.5304
698.0000 -846.4903 -1418.4128 -52.7136 -0.0157 0.0059 0.8473 -0.5308
699.0000 -847.6264 -1420.7258 -52.7371 -0.0157 0.0062 0.8471 -0.5312
700.0000 -848.8701 -1423.2714 -52.7656 -0.0158 0.0057 0.8469 -0.5315
701.0000 -850.0006 -1425.5845 -52.7919 -0.0154 0.0056 0.8468 -0.5317
702.0000 -851.2405 -1428.1308 -52.8215 -0.0150 0.0056 0.8466 -0.5320
703.0000 -852.3680 -1430.4446 -52.8472 -0.0141 0.0059 0.8465 -0.5322
704.0000 -853.4930 -1432.7582 -52.8683 -0.0134 0.0062 0.8463 -0.5325
705.0000 -854.7305 -1435.3041 -52.8853 -0.0133 0.0065 0.8462 -0.5327
706.0000 -855.8531 -1437.6183 -52.8980 -0.0133 0.0064 0.8460 -0.5330
707.0000 -856.9737 -1439.9337 -52.9110 -0.0138 0.0058 0.8458 -0.5332
708.0000 -858.2035 -1442.4775 -52.9292 -0.0134 0.0057 0.8457 -0.5335
709.0000 -859.3186 -1444.7874 -52.9464 -0.0131 0.0060 0.8456 -0.5337
710.0000 -860.4335 -1447.0975 -52.9640 -0.0133 0.0059 0.8453 -0.5341
711.0000 -861.6539 -1449.6367 -52.9820 -0.0131 0.0058 0.8451 -0.5343
712.0000 -862.7599 -1451.9428 -52.9971 -0.0129 0.0058 0.8450 -0.5345
713.0000 -863.9723 -1454.4799 -53.0122 -0.0130 0.0055 0.8449 -0.5348
714.0000 -865.0722 -1456.7836 -53.0275 -0.0135 0.0054 0.8447 -0.5350
715.0000 -866.1695 -1459.0848 -53.0432 -0.0139 0.0054 0.8445 -0.5353
716.0000 -867.3733 -1461.6119 -53.0593 -0.0142 0.0054 0.8443 -0.5356
717.0000 -868.4648 -1463.9034 -53.0755 -0.0144 0.0057 0.8442 -0.5358
718.0000 -869.5532 -1466.1943 -53.0829 -0.0143 0.0057 0.8440 -0.5361
719.0000 -870.7483 -1468.7128 -53.0850 -0.0142 0.0055 0.8438 -0.5364
720.0000 -871.8312 -1471.0005 -53.0896 -0.0138 0.0057 0.8436 -0.5367
721.0000 -872.9122 -1473.2838 -53.0913 -0.0138 0.0058 0.8435 -0.5369
722.0000 -874.0965 -1475.7920 -53.0908 -0.0138 0.0057 0.8433 -0.5372
723.0000 -875.1691 -1478.0690 -53.0893 -0.0138 0.0056 0.8432 -0.5375
724.0000 -876.3434 -1480.5685 -53.0989 -0.0140 0.0055 0.8431 -0.5376
725.0000 -877.4076 -1482.8358 -53.1107 -0.0139 0.0051 0.8430 -0.5376
726.0000 -878.4691 -1485.1006 -53.1308 -0.0142 0.0046 0.8431 -0.5376
727.0000 -879.6356 -1487.5870 -53.1548 -0.0149 0.0045 0.8431 -0.5375
728.0000 -880.6922 -1489.8419 -53.1737 -0.0150 0.0044 0.8431 -0.5375
729.0000 -881.7455 -1492.0924 -53.1951 -0.0151 0.0041 0.8431 -0.5375
730.0000 -882.9011 -1494.5617 -53.2184 -0.0146 0.0041 0.8431 -0.5376
731.0000 -883.9491 -1496.8024 -53.2413 -0.0145 0.0040 0.8431 -0.5376
732.0000 -885.0988 -1499.2632 -53.2761 -0.0150 0.0034 0.8430 -0.5377
733.0000 -886.1422 -1501.4942 -53.3042 -0.0151 0.0041 0.8429 -0.5378
734.0000 -887.1825 -1503.7208 -53.3269 -0.0142 0.0048 0.8428 -0.5381
735.0000 -888.3242 -1506.1698 -53.3489 -0.0146 0.0047 0.8426 -0.5384
736.0000 -889.3596 -1508.3934 -53.3702 -0.0157 0.0048 0.8424 -0.5386
737.0000 -890.3927 -1510.6156 -53.3944 -0.0165 0.0046 0.8422 -0.5389
738.0000 -891.5233 -1513.0528 -53.4246 -0.0160 0.0050 0.8420 -0.5392
739.0000 -892.5489 -1515.2669 -53.4487 -0.0157 0.0055 0.8419 -0.5394
740.0000 -893.5716 -1517.4790 -53.4720 -0.0153 0.0058 0.8417 -0.5397
741.0000 -894.6933 -1519.9116 -53.4931 -0.0155 0.0054 0.8415 -0.5400
742.0000 -895.7101 -1522.1212 -53.5154 -0.0163 0.0048 0.8414 -0.5402
743.0000 -896.8263 -1524.5475 -53.5494 -0.0167 0.0046 0.8412 -0.5405
744.0000 -897.8372 -1526.7511 -53.5788 -0.0169 0.0042 0.8410 -0.5407
745.0000 -898.8448 -1528.9499 -53.6070 -0.0168 0.0044 0.8408 -0.5410
746.0000 -899.9485 -1531.3625 -53.6353 -0.0155 0.0053 0.8407 -0.5413
747.0000 -900.9499 -1533.5529 -53.6572 -0.0146 0.0061 0.8405 -0.5416
748.0000 -901.9480 -1535.7441 -53.6738 -0.0151 0.0056 0.8403 -0.5419
749.0000 -903.0435 -1538.1529 -53.6982 -0.0161 0.0047 0.8401 -0.5422
750.0000 -904.0360 -1540.3403 -53.7256 -0.0175 0.0036 0.8399 -0.5425
751.0000 -905.0240 -1542.5218 -53.7593 -0.0178 0.0035 0.8397 -0.5427
752.0000 -906.1053 -1544.9148 -53.7960 -0.0169 0.0038 0.8396 -0.5430
753.0000 -907.0854 -1547.0859 -53.8232 -0.0160 0.0043 0.8394 -0.5433
754.0000 -908.0643 -1549.2533 -53.8480 -0.0162 0.0051 0.8392 -0.5436
755.0000 -909.1372 -1551.6355 -53.8724 -0.0167 0.0050 0.8389 -0.5440
756.0000 -910.1074 -1553.7978 -53.8946 -0.0168 0.0042 0.8388 -0.5442
757.0000 -911.1702 -1556.1719 -53.9218 -0.0170 0.0034 0.8388 -0.5441
758.0000 -912.1344 -1558.3246 -53.9485 -0.0169 0.0028 0.8390 -0.5439
759.0000 -913.0979 -1560.4742 -53.9790 -0.0175 0.0020 0.8392 -0.5435
760.0000 -914.1586 -1562.8309 -54.0157 -0.0177 0.0021 0.8394 -0.5431
761.0000 -915.1225 -1564.9676 -54.0495 -0.0174 0.0026 0.8397 -0.5428
762.0000 -916.0860 -1567.1007 -54.0824 -0.0169 0.0025 0.8399 -0.5425
763.0000 -917.1470 -1569.4439 -54.1179 -0.0170 0.0024 0.8401 -0.5422
764.0000 -918.1114 -1571.5708 -54.1512 -0.0168 0.0022 0.8402 -0.5419
765.0000 -919.1746 -1573.9078 -54.1879 -0.0173 0.0019 0.8404 -0.5416
766.0000 -920.1417 -1576.0278 -54.2224 -0.0172 0.0023 0.8406 -0.5413
767.0000 -921.1081 -1578.1447 -54.2581 -0.0170 0.0026 0.8408 -0.5411
768.0000 -922.1721 -1580.4711 -54.2948 -0.0168 0.0027 0.8410 -0.5407
769.0000 -923.1411 -1582.5845 -54.3269 -0.0170 0.0029 0.8412 -0.5404
770.0000 -924.1097 -1584.6945 -54.3592 -0.0171 0.0030 0.8416 -0.5399
771.0000 -925.1767 -1587.0124 -54.3940 -0.0174 0.0023 0.8421 -0.5391
772.0000 -926.1482 -1589.1143 -54.4275 -0.0176 0.0017 0.8427 -0.5380
773.0000 -927.1221 -1591.2105 -54.4625 -0.0176 0.0009 0.8435 -0.5369
774.0000 -928.1989 -1593.5118 -54.5025 -0.0178 0.0005 0.8442 -0.5357
775.0000 -929.1815 -1595.5956 -54.5403 -0.0181 0.0006 0.8449 -0.5346
776.0000 -930.2665 -1597.8809 -54.5824 -0.0181 0.0004 0.8457 -0.5334
777.0000 -931.2553 -1599.9502 -54.6200 -0.0177 0.0002 0.8464 -0.5323
778.0000 -932.2474 -1602.0149 -54.6561 -0.0174 -0.0000 0.8472 -0.5310
779.0000 -933.3427 -1604.2769 -54.6968 -0.0171 -0.0004 0.8481 -0.5296
780.0000 -934.3446 -1606.3266 -54.7323 -0.0176 -0.0006 0.8489 -0.5282
781.0000 -935.3513 -1608.3677 -54.7706 -0.0184 -0.0003 0.8495 -0.5272
782.0000 -936.4620 -1610.6060 -54.8166 -0.0191 -0.0006 0.8502 -0.5262
783.0000 -937.4744 -1612.6334 -54.8594 -0.0190 -0.0005 0.8507 -0.5252
784.0000 -938.5898 -1614.8565 -54.9075 -0.0188 -0.0007 0.8513 -0.5243
785.0000 -939.6058 -1616.8706 -54.9514 -0.0188 -0.0009 0.8519 -0.5234
786.0000 -940.6253 -1618.8786 -54.9955 -0.0193 -0.0012 0.8524 -0.5226
787.0000 -941.7493 -1621.0777 -55.0454 -0.0193 -0.0003 0.8527 -0.5220
788.0000 -942.7731 -1623.0706 -55.0905 -0.0199 0.0005 0.8529 -0.5217
789.0000 -943.7959 -1625.0575 -55.1339 -0.0200 0.0012 0.8530 -0.5215
790.0000 -944.9163 -1627.2361 -55.1786 -0.0190 0.0018 0.8533 -0.5211
791.0000 -945.9343 -1629.2130 -55.2163 -0.0182 0.0015 0.8535 -0.5208
792.0000 -946.9507 -1631.1839 -55.2525 -0.0179 0.0013 0.8536 -0.5205
793.0000 -948.0694 -1633.3461 -55.2897 -0.0179 0.0015 0.8538 -0.5203
794.0000 -949.0843 -1635.3036 -55.3224 -0.0175 0.0021 0.8539 -0.5201
795.0000 -950.1995 -1637.4537 -55.3576 -0.0181 0.0019 0.8540 -0.5200
796.0000 -951.2096 -1639.4031 -55.3923 -0.0184 0.0014 0.8540 -0.5199
797.0000 -952.2173 -1641.3448 -55.4282 -0.0180 0.0018 0.8540 -0.5200
798.0000 -953.3253 -1643.4771 -55.4672 -0.0183 0.0016 0.8538 -0.5203
799.0000 -954.3266 -1645.4130 -55.5047 -0.0185 0.0008 0.8535 -0.5208
800.0000 -955.3265 -1647.3443 -55.5436 -0.0197 0.0008 0.8532 -0.5212
801.0000 -956.4205 -1649.4673 -55.5915 -0.0217 0.0003 0.8526 -0.5221
802.0000 -957.4071 -1651.3935 -55.6448 -0.0228 -0.0001 0.8521 -0.5230
803.0000 -958.3855 -1653.3148 -55.7015 -0.0228 -0.0007 0.8516 -0.5236
804.0000 -959.4518 -1655.4219 -55.7610 -0.0205 -0.0008 0.8511 -0.5246
805.0000 -960.4178 -1657.3294 -55.8068 -0.0183 0.0028 0.8505 -0.5256
806.0000 -961.4762 -1659.4315 -55.8451 -0.0178 0.0046 0.8497 -0.5270
807.0000 -962.4336 -1661.3499 -55.8784 -0.0200 0.0041 0.8488 -0.5282
808.0000 -963.3814 -1663.2664 -55.9201 -0.0207 0.0039 0.8480 -0.5296
809.0000 -964.4131 -1665.3766 -55.9718 -0.0216 0.0029 0.8472 -0.5308
810.0000 -965.3438 -1667.2956 -56.0210 -0.0221 0.0019 0.8466 -0.5318
811.0000 -966.2691 -1669.2112 -56.0715 -0.0220 0.0021 0.8461 -0.5326
812.0000 -967.2834 -1671.3166 -56.1244 -0.0222 0.0032 0.8456 -0.5333
813.0000 -968.2017 -1673.2337 -56.1727 -0.0232 0.0029 0.8451 -0.5341
814.0000 -969.2026 -1675.3414 -56.2302 -0.0229 0.0020 0.8447 -0.5348
815.0000 -970.1069 -1677.2565 -56.2831 -0.0223 0.0011 0.8445 -0.5350
816.0000 -971.0079 -1679.1689 -56.3345 -0.0213 0.0006 0.8445 -0.5351
817.0000 -971.9976 -1681.2714 -56.3887 -0.0208 -0.0003 0.8444 -0.5354
818.0000 -972.8963 -1683.1802 -56.4375 -0.0208 -0.0008 0.8443 -0.5355
819.0000 -973.7946 -1685.0860 -56.4869 -0.0211 -0.0011 0.8442 -0.5356
820.0000 -974.7816 -1687.1780 -56.5429 -0.0213 -0.0007 0.8442 -0.5356
821.0000 -975.6761 -1689.0768 -56.5939 -0.0212 -0.0009 0.8442 -0.5356
822.0000 -976.5685 -1690.9717 -56.6447 -0.0210 -0.0007 0.8442 -0.5356
823.0000 -977.5483 -1693.0519 -56.6992 -0.0206 -0.0005 0.8442 -0.5356
824.0000 -978.4388 -1694.9404 -56.7470 -0.0210 -0.0003 0.8442 -0.5357
825.0000 -979.4172 -1697.0154 -56.8010 -0.0218 -0.0003 0.8440 -0.5359
826.0000 -980.3045 -1698.8994 -56.8527 -0.0227 -0.0004 0.8438 -0.5362
827.0000 -981.1870 -1700.7796 -56.9059 -0.0225 -0.0004 0.8436 -0.5365
828.0000 -982.1560 -1702.8453 -56.9653 -0.0231 -0.0003 0.8434 -0.5367
829.0000 -983.0319 -1704.7212 -57.0200 -0.0229 -0.0010 0.8432 -0.5372
830.0000 -983.9062 -1706.5947 -57.0762 -0.0231 -0.0011 0.8429 -0.5375
831.0000 -984.8647 -1708.6533 -57.1398 -0.0239 -0.0011 0.8425 -0.5381
832.0000 -985.7332 -1710.5199 -57.1981 -0.0235 -0.0001 0.8421 -0.5388
833.0000 -986.5968 -1712.3827 -57.2538 -0.0226 0.0013 0.8417 -0.5395
834.0000 -987.5410 -1714.4333 -57.3084 -0.0221 0.0015 0.8412 -0.5403
835.0000 -988.3954 -1716.3002 -57.3580 -0.0233 0.0002 0.8407 -0.5410
836.0000 -989.3280 -1718.3520 -57.4197 -0.0239 -0.0014 0.8403 -0.5417
837.0000 -990.1705 -1720.2145 -57.4800 -0.0238 -0.0022 0.8399 -0.5423
838.0000 -991.0101 -1722.0753 -57.5415 -0.0243 -0.0030 0.8394 -0.5429
839.0000 -991.9288 -1724.1178 -57.6114 -0.0245 -0.0031 0.8390 -0.5436
840.0000 -992.7581 -1725.9693 -57.6739 -0.0236 -0.0028 0.8386 -0.5442
841.0000 -993.5846 -1727.8196 -57.7350 -0.0240 -0.0030 0.8383 -0.5447
842.0000 -994.4878 -1729.8496 -57.8038 -0.0252 -0.0035 0.8379 -0.5452
843.0000 -995.3036 -1731.6821 -57.8637 -0.0237 -0.0028 0.8377 -0.5455
844.0000 -996.1959 -1733.6915 -57.9273 -0.0237 -0.0024 0.8376 -0.5458
845.0000 -997.0040 -1735.5091 -57.9847 -0.0246 -0.0011 0.8374 -0.5460
846.0000 -997.8064 -1737.3147 -58.0399 -0.0253 -0.0001 0.8373 -0.5461
847.0000 -998.6837 -1739.2892 -58.1002 -0.0270 0.0004 0.8373 -0.5460
848.0000 -999.4749 -1741.0739 -58.1569 -0.0279 0.0005 0.8374 -0.5459
849.0000 -1000.2609 -1742.8528 -58.2172 -0.0278 -0.0001 0.8375 -0.5457
850.0000 -1001.1208 -1744.8021 -58.2841 -0.0269 -0.0009 0.8377 -0.5454
851.0000 -1001.8879 -1746.5695 -58.3624 -0.0256 -0.0017 0.8380 -0.5451
852.0000 -1002.7288 -1748.5029 -58.4361 -0.0248 -0.0025 0.8382 -0.5448
853.0000 -1003.4995 -1750.2544 -58.4946 -0.0247 -0.0031 0.8384 -0.5445
854.0000 -1004.2714 -1751.9946 -58.5474 -0.0253 -0.0035 0.8386 -0.5442
855.0000 -1005.1056 -1753.9023 -58.6072 -0.0254 -0.0042 0.8388 -0.5439
856.0000 -1005.8662 -1755.6338 -58.6653 -0.0255 -0.0053 0.8391 -0.5434
857.0000 -1006.6301 -1757.3569 -58.7279 -0.0260 -0.0062 0.8395 -0.5428
858.0000 -1007.4716 -1759.2414 -58.8009 -0.0264 -0.0065 0.8399 -0.5421
859.0000 -1008.2359 -1760.9393 -58.8671 -0.0270 -0.0059 0.8402 -0.5416
860.0000 -1009.0770 -1762.7978 -58.9486 -0.0285 -0.0050 0.8405 -0.5410
861.0000 -1009.8359 -1764.4708 -59.0119 -0.0299 -0.0040 0.8407 -0.5406
862.0000 -1010.5941 -1766.1300 -59.0781 -0.0307 -0.0025 0.8410 -0.5401
863.0000 -1011.4228 -1767.9375 -59.1488 -0.0312 -0.0006 0.8414 -0.5395
864.0000 -1012.1731 -1769.5675 -59.2118 -0.0320 0.0006 0.8417 -0.5390
865.0000 -1012.9207 -1771.1826 -59.2744 -0.0330 0.0019 0.8420 -0.5385
866.0000 -1013.7392 -1772.9429 -59.3434 -0.0336 0.0035 0.8425 -0.5377
867.0000 -1014.4819 -1774.5321 -59.4064 -0.0341 0.0048 0.8428 -0.5371
868.0000 -1015.2212 -1776.1083 -59.4688 -0.0346 0.0058 0.8434 -0.5362
869.0000 -1016.0326 -1777.8272 -59.5368 -0.0354 0.0067 0.8440 -0.5351
870.0000 -1016.7678 -1779.3725 -59.5993 -0.0365 0.0078 0.8446 -0.5340
871.0000 -1017.5742 -1781.0527 -59.6675 -0.0374 0.0093 0.8453 -0.5329
872.0000 -1018.3028 -1782.5617 -59.7291 -0.0383 0.0104 0.8459 -0.5318
873.0000 -1019.0267 -1784.0527 -59.7896 -0.0385 0.0113 0.8469 -0.5303
874.0000 -1019.8210 -1785.6747 -59.8564 -0.0390 0.0113 0.8483 -0.5280
875.0000 -1020.5443 -1787.1296 -59.9176 -0.0397 0.0113 0.8498 -0.5254
876.0000 -1021.2696 -1788.5664 -59.9803 -0.0403 0.0116 0.8516 -0.5225
877.0000 -1022.0701 -1790.1248 -60.0494 -0.0404 0.0118 0.8538 -0.5189
878.0000 -1022.8007 -1791.5229 -60.1117 -0.0400 0.0114 0.8561 -0.5151
879.0000 -1023.6123 -1793.0348 -60.1803 -0.0393 0.0109 0.8593 -0.5098
880.0000 -1024.3607 -1794.3868 -60.2421 -0.0388 0.0107 0.8627 -0.5041
881.0000 -1025.1238 -1795.7168 -60.3042 -0.0389 0.0110 0.8663 -0.4978
882.0000 -1025.9808 -1797.1558 -60.3740 -0.0397 0.0117 0.8705 -0.4905
883.0000 -1026.7778 -1798.4413 -60.4384 -0.0405 0.0129 0.8743 -0.4835
884.0000 -1027.5906 -1799.7063 -60.5045 -0.0414 0.0134 0.8782 -0.4764
885.0000 -1028.5051 -1801.0726 -60.5801 -0.0422 0.0144 0.8826 -0.4680
886.0000 -1029.3531 -1802.2947 -60.6500 -0.0426 0.0145 0.8867 -0.4601
887.0000 -1030.3053 -1803.6145 -60.7270 -0.0423 0.0152 0.8914 -0.4510
888.0000 -1031.1917 -1804.7917 -60.7989 -0.0421 0.0158 0.8958 -0.4422
889.0000 -1032.1005 -1805.9499 -60.8729 -0.0437 0.0155 0.9002 -0.4331
890.0000 -1033.1256 -1807.1945 -60.9583 -0.0446 0.0158 0.9051 -0.4225
891.0000 -1034.0784 -1808.3045 -61.0390 -0.0452 0.0157 0.9097 -0.4125
892.0000 -1035.0534 -1809.3918 -61.1213 -0.0454 0.0150 0.9142 -0.4024
893.0000 -1036.1493 -1810.5608 -61.2126 -0.0449 0.0150 0.9192 -0.3908
894.0000 -1037.1726 -1811.5964 -61.2972 -0.0443 0.0148 0.9239 -0.3799
895.0000 -1038.3246 -1812.7072 -61.3905 -0.0448 0.0144 0.9289 -0.3673
896.0000 -1039.3997 -1813.6882 -61.4772 -0.0458 0.0143 0.9334 -0.3556
897.0000 -1040.4977 -1814.6422 -61.5680 -0.0475 0.0137 0.9378 -0.3438
898.0000 -1041.7296 -1815.6598 -61.6728 -0.0490 0.0126 0.9424 -0.3306
899.0000 -1042.8711 -1816.5484 -61.7723 -0.0491 0.0135 0.9466 -0.3184
900.0000 -1044.0295 -1817.4077 -61.8736 -0.0477 0.0137 0.9507 -0.3062
901.0000 -1045.3312 -1818.3161 -61.9845 -0.0471 0.0143 0.9549 -0.2928
902.0000 -1046.5351 -1819.1108 -62.0837 -0.0468 0.0144 0.9586 -0.2804
903.0000 -1047.8833 -1819.9469 -62.1933 -0.0470 0.0145 0.9626 -0.2664
904.0000 -1049.1294 -1820.6746 -62.2944 -0.0479 0.0142 0.9661 -0.2535
905.0000 -1050.3932 -1821.3671 -62.3980 -0.0483 0.0138 0.9694 -0.2402
906.0000 -1051.8018 -1822.0865 -62.5144 -0.0478 0.0140 0.9730 -0.2252
907.0000 -1053.1002 -1822.7016 -62.6207 -0.0472 0.0145 0.9761 -0.2116
908.0000 -1054.4162 -1823.2801 -62.7270 -0.0472 0.0148 0.9789 -0.1982
909.0000 -1055.8831 -1823.8779 -62.8447 -0.0481 0.0145 0.9818 -0.1833
910.0000 -1057.2301 -1824.3819 -62.9533 -0.0488 0.0137 0.9842 -0.1697
911.0000 -1058.7239 -1824.8946 -63.0748 -0.0487 0.0129 0.9867 -0.1546
912.0000 -1060.0925 -1825.3195 -63.1873 -0.0480 0.0124 0.9887 -0.1412
913.0000 -1061.4725 -1825.7074 -63.3003 -0.0479 0.0122 0.9905 -0.1280
914.0000 -1063.0050 -1826.0884 -63.4253 -0.0486 0.0126 0.9923 -0.1136
915.0000 -1064.4047 -1826.3977 -63.5398 -0.0487 0.0123 0.9937 -0.1005
916.0000 -1065.8136 -1826.6679 -63.6561 -0.0487 0.0128 0.9949 -0.0874
917.0000 -1067.3709 -1826.9236 -63.7853 -0.0490 0.0126 0.9960 -0.0730
918.0000 -1068.7920 -1827.1177 -63.9033 -0.0487 0.0122 0.9969 -0.0598
919.0000 -1070.2175 -1827.2722 -64.0220 -0.0481 0.0125 0.9977 -0.0467
920.0000 -1071.7921 -1827.4015 -64.1521 -0.0479 0.0123 0.9982 -0.0327
921.0000 -1073.2270 -1827.4788 -64.2701 -0.0475 0.0126 0.9986 -0.0202
922.0000 -1074.8091 -1827.5235 -64.4002 -0.0476 0.0128 0.9988 -0.0067
923.0000 -1076.2491 -1827.5258 -64.5188 -0.0481 0.0128 0.9987 0.0056
924.0000 -1077.6899 -1827.4947 -64.6386 -0.0480 0.0127 0.9986 0.0179
925.0000 -1079.2757 -1827.4177 -64.7720 -0.0474 0.0126 0.9983 0.0316
926.0000 -1080.7173 -1827.3123 -64.8922 -0.0465 0.0121 0.9979 0.0442
927.0000 -1082.1565 -1827.1691 -65.0108 -0.0448 0.0120 0.9973 0.0570
928.0000 -1083.7396 -1826.9699 -65.1375 -0.0438 0.0114 0.9964 0.0712
929.0000 -1085.1782 -1826.7504 -65.2505 -0.0438 0.0104 0.9954 0.0843
930.0000 -1086.7559 -1826.4634 -65.3757 -0.0443 0.0102 0.9941 0.0989
931.0000 -1088.1869 -1826.1620 -65.4901 -0.0455 0.0098 0.9926 0.1121
932.0000 -1089.6080 -1825.8216 -65.6070 -0.0457 0.0096 0.9910 0.1255
933.0000 -1091.1597 -1825.4046 -65.7360 -0.0443 0.0093 0.9891 0.1404
934.0000 -1092.5608 -1824.9826 -65.8521 -0.0436 0.0092 0.9871 0.1538
935.0000 -1093.9540 -1824.5227 -65.9663 -0.0438 0.0089 0.9849 0.1671
936.0000 -1095.4736 -1823.9703 -66.0920 -0.0440 0.0090 0.9823 0.1819
937.0000 -1096.8425 -1823.4307 -66.2060 -0.0441 0.0087 0.9797 0.1956
938.0000 -1098.1830 -1822.8487 -66.3116 -0.0438 0.0082 0.9768 0.2094
939.0000 -1099.6477 -1822.1615 -66.4177 -0.0430 0.0078 0.9734 0.2248
940.0000 -1100.9567 -1821.4914 -66.5116 -0.0429 0.0073 0.9701 0.2388
941.0000 -1102.3693 -1820.7083 -66.6251 -0.0426 0.0069 0.9661 0.2544
942.0000 -1103.6438 -1819.9632 -66.7070 -0.0425 0.0062 0.9624 0.2683
943.0000 -1104.8955 -1819.1832 -66.7966 -0.0424 0.0062 0.9584 0.2821
944.0000 -1106.2458 -1818.2847 -66.8938 -0.0426 0.0061 0.9538 0.2972
945.0000 -1107.4467 -1817.4330 -66.9851 -0.0426 0.0058 0.9495 0.3109
946.0000 -1108.6210 -1816.5493 -67.0777 -0.0420 0.0058 0.9449 0.3246
947.0000 -1109.8824 -1815.5375 -67.1774 -0.0417 0.0053 0.9397 0.3395
948.0000 -1111.0000 -1814.5870 -67.2682 -0.0408 0.0048 0.9347 0.3531
949.0000 -1112.1964 -1813.5018 -67.3666 -0.0406 0.0049 0.9289 0.3679
950.0000 -1113.2562 -1812.4839 -67.4568 -0.0410 0.0048 0.9235 0.3813
951.0000 -1114.2842 -1811.4353 -67.5454 -0.0405 0.0045 0.9179 0.3948
952.0000 -1115.3804 -1810.2486 -67.6447 -0.0398 0.0040 0.9114 0.4095
953.0000 -1116.3429 -1809.1375 -67.7314 -0.0386 0.0036 0.9055 0.4227
954.0000 -1117.2750 -1807.9973 -67.8165 -0.0375 0.0031 0.8994 0.4355
955.0000 -1118.2669 -1806.7098 -67.9067 -0.0370 0.0028 0.8926 0.4494
956.0000 -1119.1355 -1805.5096 -67.9873 -0.0371 0.0028 0.8863 0.4617
957.0000 -1120.0568 -1804.1600 -68.0752 -0.0376 0.0026 0.8792 0.4750
958.0000 -1120.8582 -1802.9071 -68.1543 -0.0370 0.0023 0.8727 0.4869
959.0000 -1121.6290 -1801.6319 -68.2326 -0.0364 0.0015 0.8661 0.4985
960.0000 -1122.4378 -1800.1986 -68.3179 -0.0361 0.0017 0.8589 0.5108
961.0000 -1123.1408 -1798.8734 -68.3936 -0.0357 0.0018 0.8525 0.5216
962.0000 -1123.8112 -1797.5251 -68.4679 -0.0350 0.0021 0.8460 0.5320
963.0000 -1124.5129 -1796.0195 -68.5473 -0.0338 0.0021 0.8390 0.5431
964.0000 -1125.1204 -1794.6304 -68.6189 -0.0335 0.0016 0.8326 0.5529
965.0000 -1125.6982 -1793.2203 -68.6896 -0.0340 0.0020 0.8261 0.5625
966.0000 -1126.3020 -1791.6497 -68.7673 -0.0348 0.0012 0.8190 0.5728
967.0000 -1126.8136 -1790.2053 -68.8375 -0.0333 0.0010 0.8127 0.5818
968.0000 -1127.3449 -1788.5956 -68.9131 -0.0330 0.0007 0.8060 0.5910
969.0000 -1127.7963 -1787.1156 -68.9789 -0.0328 0.0009 0.8002 0.5988
970.0000 -1128.2211 -1785.6212 -69.0439 -0.0322 0.0014 0.7947 0.6061
971.0000 -1128.6592 -1783.9606 -69.1148 -0.0318 0.0018 0.7891 0.6134
972.0000 -1129.0328 -1782.4395 -69.1781 -0.0306 0.0020 0.7844 0.6195
973.0000 -1129.3833 -1780.9065 -69.2402 -0.0293 0.0021 0.7800 0.6251
974.0000 -1129.7467 -1779.2074 -69.3069 -0.0282 0.0022 0.7754 0.6309
975.0000 -1130.0566 -1777.6501 -69.3642 -0.0278 0.0027 0.7714 0.6358
976.0000 -1130.3495 -1776.0824 -69.4198 -0.0273 0.0025 0.7675 0.6404
977.0000 -1130.6522 -1774.3471 -69.4806 -0.0271 0.0026 0.7635 0.6452
978.0000 -1130.9120 -1772.7593 -69.5357 -0.0272 0.0018 0.7600 0.6493
979.0000 -1131.1794 -1771.0009 -69.5961 -0.0273 0.0019 0.7565 0.6534
980.0000 -1131.4071 -1769.3915 -69.6511 -0.0277 0.0024 0.7538 0.6565
981.0000 -1131.6228 -1767.7740 -69.7074 -0.0278 0.0032 0.7517 0.6589
982.0000 -1131.8483 -1765.9890 -69.7704 -0.0272 0.0035 0.7498 0.6611
983.0000 -1132.0460 -1764.3616 -69.8270 -0.0274 0.0037 0.7481 0.6630
984.0000 -1132.2366 -1762.7306 -69.8826 -0.0277 0.0037 0.7463 0.6650
985.0000 -1132.4376 -1760.9351 -69.9433 -0.0280 0.0033 0.7445 0.6670
986.0000 -1132.6118 -1759.3009 -69.9981 -0.0282 0.0032 0.7432 0.6685
987.0000 -1132.7794 -1757.6654 -70.0527 -0.0287 0.0033 0.7420 0.6698
988.0000 -1132.9570 -1755.8643 -70.1134 -0.0287 0.0032 0.7409 0.6710
989.0000 -1133.1123 -1754.2275 -70.1677 -0.0284 0.0032 0.7401 0.6719
990.0000 -1133.2791 -1752.4257 -70.2269 -0.0280 0.0028 0.7393 0.6728
991.0000 -1133.4270 -1750.7850 -70.2806 -0.0279 0.0031 0.7388 0.6734
992.0000 -1133.5733 -1749.1443 -70.3331 -0.0279 0.0031 0.7383 0.6739
993.0000 -1133.7325 -1747.3366 -70.3907 -0.0279 0.0029 0.7378 0.6744
994.0000 -1133.8747 -1745.6926 -70.4432 -0.0278 0.0029 0.7374 0.6749
995.0000 -1134.0140 -1744.0481 -70.4961 -0.0282 0.0035 0.7370 0.6753
996.0000 -1134.1666 -1742.2361 -70.5566 -0.0284 0.0036 0.7367 0.6757
997.0000 -1134.3034 -1740.5889 -70.6126 -0.0288 0.0039 0.7362 0.6761
998.0000 -1134.4519 -1738.7776 -70.6752 -0.0290 0.0039 0.7358 0.6766
999.0000 -1134.5851 -1737.1305 -70.7324 -0.0288 0.0035 0.7354 0.6771
1000.0000 -1134.7160 -1735.4848 -70.7883 -0.0286 0.0031 0.7350 0.6775
1001.0000 -1134.8574 -1733.6767 -70.8492 -0.0291 0.0037 0.7345 0.6779
1002.0000 -1134.9841 -1732.0400 -70.9035 -0.0296 0.0037 0.7341 0.6784
1003.0000 -1135.1082 -1730.4096 -70.9579 -0.0296 0.0037 0.7336 0.6789
1004.0000 -1135.2442 -1728.6264 -71.0160 -0.0292 0.0024 0.7332 0.6794
1005.0000 -1135.3630 -1727.0127 -71.0667 -0.0286 0.0016 0.7327 0.6799
1006.0000 -1135.4797 -1725.4027 -71.1142 -0.0281 0.0011 0.7322 0.6805
1007.0000 -1135.6033 -1723.6384 -71.1631 -0.0276 0.0007 0.7316 0.6811
1008.0000 -1135.7125 -1722.0390 -71.2053 -0.0273 0.0006 0.7309 0.6820
1009.0000 -1135.8270 -1720.2861 -71.2530 -0.0276 0.0012 0.7295 0.6834
1010.0000 -1135.9256 -1718.7036 -71.2945 -0.0283 0.0010 0.7279 0.6851
1011.0000 -1136.0149 -1717.1318 -71.3351 -0.0283 0.0004 0.7257 0.6874
1012.0000 -1136.1004 -1715.4133 -71.3783 -0.0288 -0.0000 0.7228 0.6905
1013.0000 -1136.1628 -1713.8638 -71.4162 -0.0287 -0.0006 0.7197 0.6937
1014.0000 -1136.2094 -1712.3239 -71.4531 -0.0284 -0.0006 0.7162 0.6973
1015.0000 -1136.2436 -1710.6433 -71.4914 -0.0291 -0.0007 0.7119 0.7017
1016.0000 -1136.2567 -1709.1283 -71.5253 -0.0297 -0.0011 0.7072 0.7064
1017.0000 -1136.2468 -1707.4775 -71.5617 -0.0299 -0.0015 0.7014 0.7121
1018.0000 -1136.2151 -1705.9890 -71.5930 -0.0298 -0.0021 0.6956 0.7178
1019.0000 -1136.1571 -1704.5171 -71.6213 -0.0291 -0.0031 0.6894 0.7238
1020.0000 -1136.0620 -1702.9143 -71.6488 -0.0282 -0.0039 0.6818 0.7309
1021.0000 -1135.9467 -1701.4715 -71.6700 -0.0275 -0.0045 0.6746 0.7377
1022.0000 -1135.8024 -1700.0404 -71.6884 -0.0268 -0.0047 0.6668 0.7447
1023.0000 -1135.6089 -1698.4822 -71.7056 -0.0267 -0.0044 0.6577 0.7528
1024.0000 -1135.3986 -1697.0813 -71.7201 -0.0260 -0.0044 0.6486 0.7606
1025.0000 -1135.1167 -1695.5452 -71.7381 -0.0253 -0.0054 0.6378 0.7698
1026.0000 -1134.8086 -1694.1452 -71.7516 -0.0246 -0.0058 0.6274 0.7783
1027.0000 -1134.4936 -1692.7617 -71.7465 -0.0232 -0.0061 0.6166 0.7869
1028.0000 -1134.1024 -1691.2547 -71.7332 -0.0207 -0.0060 0.6044 0.7964
1029.0000 -1133.7121 -1689.8960 -71.7124 -0.0196 -0.0062 0.5931 0.8048
1030.0000 -1133.2780 -1688.5415 -71.6800 -0.0181 -0.0057 0.5814 0.8134
1031.0000 -1132.7521 -1687.0827 -71.6456 -0.0174 -0.0052 0.5678 0.8230
1032.0000 -1132.2350 -1685.7659 -71.5919 -0.0170 -0.0047 0.5548 0.8318
1033.0000 -1131.6198 -1684.3491 -71.5488 -0.0166 -0.0046 0.5396 0.8418
1034.0000 -1131.0191 -1683.0798 -71.5010 -0.0164 -0.0053 0.5253 0.8508
1035.0000 -1130.3756 -1681.8423 -71.4631 -0.0152 -0.0065 0.5106 0.8597
1036.0000 -1129.6207 -1680.5077 -71.4176 -0.0138 -0.0076 0.4943 0.8692
1037.0000 -1128.8883 -1679.3237 -71.3783 -0.0131 -0.0074 0.4796 0.8774
1038.0000 -1128.1183 -1678.1682 -71.3390 -0.0120 -0.0075 0.4646 0.8854
1039.0000 -1127.2265 -1676.9303 -71.2921 -0.0112 -0.0080 0.4476 0.8941
1040.0000 -1126.3774 -1675.8354 -71.2522 -0.0110 -0.0077 0.4321 0.9017
1041.0000 -1125.4010 -1674.6673 -71.2056 -0.0111 -0.0078 0.4148 0.9098
1042.0000 -1124.4778 -1673.6432 -71.1658 -0.0101 -0.0086 0.3987 0.9170
1043.0000 -1123.5206 -1672.6529 -71.1218 -0.0092 -0.0100 0.3827 0.9238
1044.0000 -1122.4275 -1671.6075 -71.0734 -0.0074 -0.0109 0.3652 0.9308
1045.0000 -1121.3995 -1670.6939 -71.0234 -0.0061 -0.0115 0.3492 0.9369
1046.0000 -1120.3413 -1669.8187 -70.9719 -0.0046 -0.0122 0.3330 0.9428
1047.0000 -1119.1444 -1668.8969 -70.9117 -0.0034 -0.0127 0.3151 0.9490
1048.0000 -1118.0265 -1668.1011 -70.8558 -0.0018 -0.0132 0.2990 0.9542
1049.0000 -1116.7686 -1667.2687 -70.7904 -0.0004 -0.0147 0.2815 0.9595
1050.0000 -1115.5986 -1666.5546 -70.7274 0.0015 -0.0165 0.2659 0.9639
1051.0000 -1114.4030 -1665.8746 -70.6615 0.0029 -0.0171 0.2509 0.9679
1052.0000 -1113.0576 -1665.1682 -70.5858 0.0039 -0.0158 0.2352 0.9718
1053.0000 -1111.8167 -1664.5639 -70.5177 0.0053 -0.0157 0.2209 0.9751
1054.0000 -1110.5576 -1663.9981 -70.4500 0.0067 -0.0162 0.2067 0.9783
1055.0000 -1109.1541 -1663.4176 -70.3717 0.0084 -0.0175 0.1910 0.9814
1056.0000 -1107.8613 -1662.9305 -70.2990 0.0105 -0.0195 0.1766 0.9840
1057.0000 -1106.5502 -1662.4755 -70.2223 0.0104 -0.0197 0.1618 0.9866
1058.0000 -1105.0866 -1662.0163 -70.1379 0.0097 -0.0178 0.1447 0.9893
1059.0000 -1103.7424 -1661.6406 -70.0639 0.0080 -0.0164 0.1285 0.9915
1060.0000 -1102.2612 -1661.2792 -69.9833 0.0083 -0.0204 0.1101 0.9937
1061.0000 -1100.9078 -1660.9995 -69.9043 0.0085 -0.0267 0.0934 0.9952
1062.0000 -1099.5356 -1660.7616 -69.8136 0.0081 -0.0287 0.0773 0.9966
1063.0000 -1098.0044 -1660.5565 -69.7077 0.0092 -0.0260 0.0600 0.9978
1064.0000 -1096.6028 -1660.4170 -69.6170 0.0108 -0.0227 0.0442 0.9987
1065.0000 -1095.1999 -1660.3248 -69.5331 0.0127 -0.0217 0.0279 0.9993
1066.0000 -1093.6564 -1660.2714 -69.4433 0.0137 -0.0232 0.0099 0.9996
1067.0000 -1092.2526 -1660.2717 -69.3576 0.0141 -0.0257 -0.0064 0.9995
1068.0000 -1090.7047 -1660.3222 -69.2571 0.0142 -0.0281 -0.0241 0.9992
1069.0000 -1089.2984 -1660.4184 -69.1602 0.0144 -0.0296 -0.0403 0.9986
1070.0000 -1087.8931 -1660.5566 -69.0597 0.0135 -0.0300 -0.0566 0.9979
1071.0000 -1086.3513 -1660.7619 -68.9479 0.0131 -0.0296 -0.0746 0.9967
1072.0000 -1084.9541 -1660.9944 -68.8466 0.0116 -0.0291 -0.0908 0.9954
1073.0000 -1083.5600 -1661.2712 -68.7478 0.0112 -0.0298 -0.1066 0.9938
1074.0000 -1082.0307 -1661.6304 -68.6392 0.0108 -0.0301 -0.1233 0.9919
1075.0000 -1080.6437 -1662.0021 -68.5403 0.0106 -0.0300 -0.1377 0.9900
1076.0000 -1079.1227 -1662.4620 -68.4336 0.0113 -0.0296 -0.1528 0.9878
1077.0000 -1077.7438 -1662.9208 -68.3384 0.0118 -0.0286 -0.1656 0.9857
1078.0000 -1076.3706 -1663.4177 -68.2443 0.0120 -0.0280 -0.1777 0.9836
1079.0000 -1074.8693 -1664.0059 -68.1452 0.0127 -0.0283 -0.1902 0.9812
1080.0000 -1073.5120 -1664.5754 -68.0545 0.0129 -0.0292 -0.2006 0.9792
1081.0000 -1072.1582 -1665.1769 -67.9631 0.0145 -0.0302 -0.2097 0.9772
1082.0000 -1070.6776 -1665.8731 -67.8596 0.0156 -0.0308 -0.2188 0.9752
1083.0000 -1069.3303 -1666.5332 -67.7668 0.0170 -0.0297 -0.2263 0.9735
1084.0000 -1067.9836 -1667.2142 -67.6752 0.0171 -0.0283 -0.2337 0.9717
1085.0000 -1066.5116 -1667.9920 -67.5806 0.0177 -0.0284 -0.2418 0.9698
1086.0000 -1065.1759 -1668.7199 -67.4946 0.0174 -0.0291 -0.2484 0.9681
1087.0000 -1063.7125 -1669.5499 -67.3994 0.0187 -0.0302 -0.2543 0.9665
1088.0000 -1062.3788 -1670.3230 -67.3105 0.0197 -0.0296 -0.2582 0.9654
1089.0000 -1061.0444 -1671.1092 -67.2220 0.0197 -0.0289 -0.2610 0.9647
1090.0000 -1059.5694 -1671.9829 -67.1266 0.0191 -0.0287 -0.2633 0.9641
1091.0000 -1058.2311 -1672.7892 -67.0404 0.0185 -0.0285 -0.2649 0.9637
1092.0000 -1056.8821 -1673.6039 -66.9552 0.0185 -0.0277 -0.2661 0.9634
1093.0000 -1055.3907 -1674.5105 -66.8630 0.0190 -0.0262 -0.2671 0.9631
1094.0000 -1054.0275 -1675.3399 -66.7822 0.0191 -0.0257 -0.2680 0.9629
1095.0000 -1052.6603 -1676.1758 -66.7030 0.0191 -0.0258 -0.2689 0.9626
1096.0000 -1051.1547 -1677.1052 -66.6163 0.0191 -0.0261 -0.2699 0.9623
1097.0000 -1049.7760 -1677.9554 -66.5369 0.0191 -0.0265 -0.2707 0.9621
1098.0000 -1048.2602 -1678.8982 -66.4446 0.0178 -0.0272 -0.2717 0.9618
1099.0000 -1046.8722 -1679.7644 -66.3593 0.0179 -0.0272 -0.2727 0.9616
1100.0000 -1045.4732 -1680.6402 -66.2741 0.0189 -0.0258 -0.2736 0.9613
