0.0000 0.0000 -0.0000 0.0000 -0.0000 -0.0000 -0.0000 1.0000
1.0000 1.2589 -0.0038 0.0096 0.0004 0.0006 0.0001 1.0000
2.0000 2.6463 -0.0059 0.0258 0.0008 0.0009 0.0003 1.0000
3.0000 3.9087 -0.0101 0.0373 0.0017 0.0003 0.0004 1.0000
4.0000 5.3027 -0.0136 0.0512 0.0018 0.0004 0.0003 1.0000
5.0000 6.5728 -0.0173 0.0592 0.0020 0.0008 0.0002 1.0000
6.0000 7.8462 -0.0232 0.0658 0.0028 0.0013 0.0002 1.0000
7.0000 9.2503 -0.0267 0.0741 0.0026 0.0018 0.0003 1.0000
8.0000 10.5272 -0.0286 0.0816 0.0023 0.0010 0.0004 1.0000
9.0000 11.9353 -0.0300 0.0860 0.0009 -0.0004 0.0005 1.0000
10.0000 13.2199 -0.0289 0.0901 -0.0008 -0.0009 0.0003 1.0000
11.0000 14.5082 -0.0260 0.1001 -0.0020 -0.0008 0.0003 1.0000
12.0000 15.9296 -0.0244 0.1142 -0.0026 -0.0004 0.0002 1.0000
13.0000 17.2266 -0.0284 0.1246 -0.0016 0.0008 0.0000 1.0000
14.0000 18.6556 -0.0363 0.1343 0.0005 0.0020 -0.0001 1.0000
15.0000 19.9535 -0.0435 0.1406 0.0018 0.0009 0.0000 1.0000
16.0000 21.3860 -0.0454 0.1552 0.0025 -0.0003 0.0001 1.0000
17.0000 22.6922 -0.0429 0.1742 0.0014 -0.0010 -0.0002 1.0000
18.0000 24.0045 -0.0385 0.1898 -0.0001 -0.0005 -0.0006 1.0000
19.0000 25.4575 -0.0386 0.2056 -0.0007 0.0027 -0.0009 1.0000
20.0000 26.7746 -0.0455 0.2146 0.0005 0.0028 -0.0012 1.0000
21.0000 28.2257 -0.0561 0.2287 0.0027 0.0019 -0.0010 1.0000
22.0000 29.5463 -0.0619 0.2413 0.0030 0.0007 -0.0010 1.0000
23.0000 31.0035 -0.0672 0.2587 0.0030 -0.0005 -0.0012 1.0000
24.0000 32.3323 -0.0683 0.2748 0.0014 -0.0007 -0.0016 1.0000
25.0000 33.6623 -0.0721 0.2916 0.0010 -0.0017 -0.0018 1.0000
26.0000 35.1310 -0.0770 0.3144 0.0005 -0.0020 -0.0018 1.0000
27.0000 36.4717 -0.0815 0.3368 0.0005 -0.0008 -0.0017 1.0000
28.0000 37.9488 -0.0876 0.3544 0.0000 -0.0000 -0.0015 1.0000
29.0000 39.2912 -0.0918 0.3686 -0.0013 -0.0002 -0.0015 1.0000
30.0000 40.6364 -0.0966 0.3785 -0.0025 -0.0003 -0.0015 1.0000
31.0000 42.1206 -0.0991 0.3975 -0.0036 -0.0000 -0.0015 1.0000
32.0000 43.4726 -0.1038 0.4113 -0.0042 0.0001 -0.0014 1.0000
33.0000 44.9620 -0.1121 0.4265 -0.0036 -0.0001 -0.0012 1.0000
34.0000 46.3190 -0.1194 0.4377 -0.0032 -0.0004 -0.0008 1.0000
35.0000 47.8167 -0.1259 0.4516 -0.0029 -0.0000 -0.0003 1.0000
36.0000 49.1816 -0.1284 0.4650 -0.0030 0.0004 0.0001 1.0000
37.0000 50.5485 -0.1296 0.4771 -0.0033 0.0005 0.0007 1.0000
38.0000 52.0543 -0.1299 0.4892 -0.0033 0.0003 0.0013 1.0000
39.0000 53.4269 -0.1295 0.4988 -0.0034 0.0009 0.0018 1.0000
40.0000 54.9379 -0.1280 0.5120 -0.0027 0.0014 0.0022 1.0000
41.0000 56.3107 -0.1271 0.5224 -0.0020 0.0014 0.0025 1.0000
42.0000 57.6827 -0.1266 0.5330 -0.0009 0.0012 0.0028 1.0000
43.0000 59.1919 -0.1263 0.5422 -0.0002 0.0014 0.0029 1.0000
44.0000 60.5629 -0.1255 0.5523 0.0004 0.0017 0.0027 1.0000
45.0000 62.0695 -0.1243 0.5642 0.0010 0.0020 0.0025 1.0000
46.0000 63.4360 -0.1231 0.5774 0.0019 0.0018 0.0022 1.0000
47.0000 64.7994 -0.1242 0.5878 0.0027 0.0014 0.0020 1.0000
48.0000 66.2967 -0.1236 0.6006 0.0026 0.0011 0.0017 1.0000
49.0000 67.6560 -0.1221 0.6114 0.0018 0.0011 0.0013 1.0000
50.0000 69.1506 -0.1148 0.6295 0.0003 0.0018 0.0010 1.0000
51.0000 70.5065 -0.1096 0.6421 -0.0015 0.0025 0.0007 1.0000
52.0000 71.9937 -0.1034 0.6541 -0.0034 0.0027 0.0003 1.0000
53.0000 73.3424 -0.0987 0.6623 -0.0056 0.0026 0.0000 1.0000
54.0000 74.6885 -0.0964 0.6699 -0.0071 0.0023 -0.0003 1.0000
55.0000 76.1669 -0.0921 0.6854 -0.0082 0.0022 -0.0007 1.0000
56.0000 77.5093 -0.0932 0.6966 -0.0083 0.0023 -0.0009 1.0000
57.0000 78.9822 -0.0980 0.7083 -0.0077 0.0023 -0.0009 1.0000
58.0000 80.3173 -0.1039 0.7172 -0.0071 0.0019 -0.0009 1.0000
59.0000 81.6503 -0.1073 0.7294 -0.0068 0.0018 -0.0008 1.0000
60.0000 83.1152 -0.1106 0.7415 -0.0068 0.0019 -0.0006 1.0000
61.0000 84.4458 -0.1093 0.7533 -0.0065 0.0017 -0.0004 1.0000
62.0000 85.9061 -0.1037 0.7655 -0.0067 0.0019 -0.0000 1.0000
63.0000 87.2355 -0.0926 0.7797 -0.0065 0.0022 0.0004 1.0000
64.0000 88.5617 -0.0871 0.7901 -0.0055 0.0027 0.0010 1.0000
65.0000 90.0156 -0.0759 0.8017 -0.0044 0.0031 0.0016 1.0000
66.0000 91.3317 -0.0665 0.8098 -0.0034 0.0032 0.0019 1.0000
67.0000 92.7750 -0.0513 0.8197 -0.0027 0.0028 0.0021 1.0000
68.0000 94.0834 -0.0376 0.8283 -0.0021 0.0025 0.0023 1.0000
69.0000 95.5176 -0.0149 0.8405 -0.0024 0.0023 0.0023 1.0000
70.0000 96.8181 0.0035 0.8512 -0.0024 0.0020 0.0023 1.0000
71.0000 98.1166 0.0209 0.8622 -0.0027 0.0017 0.0022 1.0000
72.0000 99.5430 0.0418 0.8755 -0.0035 0.0018 0.0020 1.0000
73.0000 100.8370 0.0530 0.8842 -0.0037 0.0024 0.0019 1.0000
74.0000 102.2580 0.0723 0.8978 -0.0044 0.0032 0.0018 1.0000
75.0000 103.5453 0.0864 0.9077 -0.0041 0.0026 0.0018 1.0000
76.0000 104.8296 0.1021 0.9187 -0.0041 0.0013 0.0017 1.0000
77.0000 106.2439 0.1102 0.9276 -0.0038 0.0007 0.0017 1.0000
78.0000 107.5361 0.1258 0.9440 -0.0028 0.0013 0.0017 1.0000
79.0000 108.9522 0.1407 0.9599 -0.0015 0.0024 0.0013 1.0000
80.0000 110.2374 0.1604 0.9765 -0.0008 0.0027 0.0009 1.0000
81.0000 111.5165 0.1779 0.9903 -0.0003 0.0020 0.0005 1.0000
82.0000 112.9195 0.1959 1.0057 -0.0013 0.0008 0.0002 1.0000
83.0000 114.1934 0.2019 1.0160 -0.0022 -0.0003 -0.0003 1.0000
84.0000 115.5977 0.2078 1.0290 -0.0038 -0.0004 -0.0011 1.0000
85.0000 116.8779 0.2097 1.0399 -0.0045 0.0007 -0.0018 1.0000
86.0000 118.2878 0.2071 1.0500 -0.0045 0.0019 -0.0023 1.0000
87.0000 119.5694 0.2022 1.0554 -0.0041 0.0022 -0.0027 1.0000
88.0000 120.8588 0.2025 1.0660 -0.0043 0.0019 -0.0032 1.0000
89.0000 122.2991 0.2147 1.0930 -0.0052 0.0016 -0.0038 1.0000
90.0000 123.6023 0.2211 1.1125 -0.0062 0.0015 -0.0044 1.0000
91.0000 125.0372 0.2250 1.1347 -0.0066 0.0009 -0.0049 1.0000
92.0000 126.3374 0.2247 1.1510 -0.0072 0.0007 -0.0055 1.0000
93.0000 127.6426 0.2290 1.1810 -0.0068 0.0005 -0.0059 1.0000
94.0000 129.0730 0.2274 1.2061 -0.0065 0.0009 -0.0063 1.0000
95.0000 130.3771 0.2275 1.2319 -0.0060 0.0017 -0.0067 1.0000
96.0000 131.8047 0.2203 1.2505 -0.0055 0.0017 -0.0069 1.0000
97.0000 133.1051 0.2133 1.2692 -0.0045 0.0019 -0.0069 1.0000
98.0000 134.4031 0.2098 1.2948 -0.0037 0.0022 -0.0067 1.0000
99.0000 135.8302 0.2077 1.3228 -0.0029 0.0020 -0.0065 1.0000
100.0000 137.1266 0.2030 1.3412 -0.0021 0.0019 -0.0059 1.0000
101.0000 138.5544 0.1997 1.3624 -0.0014 0.0024 -0.0053 1.0000
102.0000 139.8508 0.1964 1.3798 -0.0007 0.0026 -0.0048 1.0000
103.0000 141.2771 0.1964 1.4053 -0.0003 0.0025 -0.0041 1.0000
104.0000 142.5724 0.1963 1.4227 -0.0001 0.0023 -0.0035 1.0000
105.0000 143.8675 0.1975 1.4387 0.0000 0.0021 -0.0030 1.0000
106.0000 145.2907 0.1987 1.4581 0.0009 0.0011 -0.0025 1.0000
107.0000 146.5835 0.1977 1.4796 0.0036 0.0004 -0.0020 1.0000
108.0000 148.0103 0.1969 1.5092 0.0072 0.0018 -0.0014 1.0000
109.0000 149.3055 0.1923 1.5265 0.0109 0.0022 -0.0007 0.9999
110.0000 150.5976 0.1942 1.5456 0.0125 0.0011 -0.0001 0.9999
111.0000 152.0168 0.2013 1.5638 0.0125 -0.0010 -0.0003 0.9999
112.0000 153.3089 0.2148 1.5898 0.0108 -0.0019 -0.0007 0.9999
113.0000 154.7312 0.2187 1.6124 0.0107 -0.0018 -0.0011 0.9999
114.0000 156.0265 0.2148 1.6334 0.0120 -0.0003 -0.0014 0.9999
115.0000 157.3233 0.2041 1.6499 0.0146 0.0013 -0.0016 0.9999
116.0000 158.7466 0.1895 1.6651 0.0168 0.0017 -0.0017 0.9999
117.0000 160.0415 0.1784 1.6780 0.0177 0.0019 -0.0016 0.9998
118.0000 161.4668 0.1698 1.6956 0.0169 0.0021 -0.0021 0.9999
119.0000 162.7634 0.1669 1.7099 0.0150 0.0019 -0.0026 0.9999
120.0000 164.1888 0.1573 1.7278 0.0132 0.0007 -0.0031 0.9999
121.0000 165.4890 0.1476 1.7416 0.0118 0.0003 -0.0035 0.9999
122.0000 166.7934 0.1368 1.7573 0.0109 0.0010 -0.0037 0.9999
123.0000 168.2290 0.1231 1.7757 0.0100 0.0009 -0.0035 0.9999
124.0000 169.5349 0.1138 1.7899 0.0091 -0.0003 -0.0033 1.0000
125.0000 170.9733 0.1064 1.8085 0.0072 -0.0018 -0.0030 1.0000
126.0000 172.2805 0.0775 1.8170 0.0049 -0.0024 -0.0029 1.0000
127.0000 173.5944 0.0526 1.8356 0.0026 -0.0020 -0.0030 1.0000
128.0000 175.0490 0.0394 1.8540 0.0009 -0.0007 -0.0033 1.0000
129.0000 176.3733 0.0186 1.8676 0.0007 0.0002 -0.0034 1.0000
130.0000 177.8282 -0.0040 1.8642 0.0022 0.0009 -0.0029 1.0000
131.0000 179.1509 -0.0257 1.8641 0.0034 0.0009 -0.0021 1.0000
132.0000 180.6074 -0.0373 1.8724 0.0036 -0.0013 -0.0011 1.0000
133.0000 181.9324 -0.0446 1.8825 0.0031 -0.0035 -0.0004 1.0000
134.0000 183.2650 -0.0422 1.8986 0.0008 -0.0040 -0.0001 1.0000
135.0000 184.7362 -0.0402 1.9172 -0.0013 -0.0032 -0.0000 1.0000
136.0000 186.0776 -0.0469 1.9316 -0.0022 -0.0017 -0.0001 1.0000
137.0000 187.5556 -0.0551 1.9513 -0.0025 -0.0006 -0.0003 1.0000
138.0000 188.9020 -0.0576 1.9711 -0.0022 -0.0002 -0.0004 1.0000
139.0000 190.2515 -0.0621 1.9894 -0.0015 0.0002 -0.0003 1.0000
140.0000 191.7388 -0.0695 2.0102 -0.0002 0.0004 -0.0003 1.0000
141.0000 193.0938 -0.0744 2.0308 0.0011 0.0004 -0.0005 1.0000
142.0000 194.5893 -0.0805 2.0561 0.0027 0.0009 -0.0007 1.0000
143.0000 195.9536 -0.0866 2.0768 0.0047 0.0018 -0.0009 1.0000
144.0000 197.4557 -0.0887 2.1092 0.0063 0.0017 -0.0010 1.0000
145.0000 198.8204 -0.0869 2.1327 0.0054 -0.0003 -0.0012 1.0000
146.0000 200.1859 -0.0747 2.1722 0.0023 -0.0031 -0.0014 1.0000
147.0000 201.6980 -0.0584 2.2084 -0.0026 -0.0033 -0.0020 1.0000
148.0000 203.0792 -0.0443 2.2401 -0.0066 -0.0012 -0.0026 1.0000
149.0000 204.6000 -0.0438 2.2571 -0.0073 -0.0000 -0.0030 1.0000
150.0000 205.9828 -0.0504 2.2710 -0.0063 -0.0000 -0.0027 1.0000
151.0000 207.3707 -0.0579 2.2857 -0.0048 -0.0000 -0.0022 1.0000
152.0000 208.9011 -0.0631 2.2992 -0.0035 -0.0001 -0.0016 1.0000
153.0000 210.3002 -0.0653 2.3122 -0.0037 -0.0005 -0.0014 1.0000
154.0000 211.8443 -0.0630 2.3387 -0.0045 -0.0004 -0.0013 1.0000
155.0000 213.2506 -0.0606 2.3615 -0.0051 0.0001 -0.0012 1.0000
156.0000 214.6581 -0.0593 2.3874 -0.0048 0.0000 -0.0011 1.0000
157.0000 216.2135 -0.0626 2.4105 -0.0046 -0.0007 -0.0009 1.0000
158.0000 217.6306 -0.0671 2.4272 -0.0042 -0.0008 -0.0008 1.0000
159.0000 219.1941 -0.0655 2.4495 -0.0044 -0.0006 -0.0006 1.0000
160.0000 220.6159 -0.0623 2.4710 -0.0044 -0.0009 -0.0004 1.0000
161.0000 222.1834 -0.0609 2.4958 -0.0044 -0.0010 -0.0003 1.0000
162.0000 223.6103 -0.0596 2.5141 -0.0050 -0.0010 -0.0002 1.0000
163.0000 225.0403 -0.0610 2.5324 -0.0048 -0.0012 0.0000 1.0000
164.0000 226.6152 -0.0625 2.5504 -0.0050 -0.0011 0.0001 1.0000
165.0000 228.0478 -0.0656 2.5711 -0.0046 -0.0011 0.0002 1.0000
166.0000 229.6236 -0.0687 2.5890 -0.0039 -0.0014 0.0001 1.0000
167.0000 231.0576 -0.0735 2.6028 -0.0034 -0.0012 0.0001 1.0000
168.0000 232.4959 -0.0783 2.6185 -0.0026 -0.0008 -0.0000 1.0000
169.0000 234.0802 -0.0820 2.6388 -0.0025 -0.0006 -0.0000 1.0000
170.0000 235.5225 -0.0825 2.6609 -0.0027 -0.0007 0.0000 1.0000
171.0000 237.1098 -0.0834 2.6859 -0.0030 -0.0013 -0.0001 1.0000
172.0000 238.5576 -0.0831 2.7086 -0.0037 -0.0009 -0.0004 1.0000
173.0000 240.0093 -0.0843 2.7309 -0.0038 0.0003 -0.0007 1.0000
174.0000 241.6080 -0.0881 2.7521 -0.0037 0.0005 -0.0009 1.0000
175.0000 243.0615 -0.0909 2.7729 -0.0038 -0.0003 -0.0012 1.0000
176.0000 244.6636 -0.0963 2.7942 -0.0038 -0.0010 -0.0015 1.0000
177.0000 246.1237 -0.1014 2.8108 -0.0043 -0.0008 -0.0016 1.0000
178.0000 247.5871 -0.1090 2.8279 -0.0041 -0.0003 -0.0016 1.0000
179.0000 249.1981 -0.1163 2.8454 -0.0041 0.0001 -0.0015 1.0000
180.0000 250.6639 -0.1216 2.8638 -0.0042 0.0003 -0.0014 1.0000
181.0000 252.2797 -0.1277 2.8790 -0.0050 0.0003 -0.0014 1.0000
182.0000 253.7510 -0.1333 2.8929 -0.0055 0.0003 -0.0015 1.0000
183.0000 255.3715 -0.1401 2.9066 -0.0058 0.0003 -0.0014 1.0000
184.0000 256.8478 -0.1475 2.9226 -0.0050 0.0005 -0.0014 1.0000
185.0000 258.3249 -0.1547 2.9388 -0.0043 0.0009 -0.0014 1.0000
186.0000 259.9509 -0.1651 2.9561 -0.0028 0.0014 -0.0014 1.0000
187.0000 261.4278 -0.1741 2.9699 -0.0021 0.0011 -0.0013 1.0000
188.0000 263.0526 -0.1832 2.9848 -0.0014 0.0004 -0.0012 1.0000
189.0000 264.5338 -0.1896 3.0038 -0.0005 0.0013 -0.0014 1.0000
190.0000 266.0176 -0.1928 3.0259 0.0000 0.0025 -0.0016 1.0000
191.0000 267.6466 -0.2005 3.0574 0.0010 0.0020 -0.0017 1.0000
192.0000 269.1264 -0.2068 3.0821 0.0014 0.0012 -0.0019 1.0000
193.0000 270.7568 -0.2106 3.1152 0.0009 0.0012 -0.0022 1.0000
194.0000 272.2393 -0.2141 3.1447 0.0002 0.0014 -0.0027 1.0000
195.0000 273.7221 -0.2181 3.1770 -0.0006 0.0012 -0.0032 1.0000
196.0000 275.3543 -0.2239 3.2063 -0.0013 0.0012 -0.0037 1.0000
197.0000 276.8399 -0.2264 3.2468 -0.0016 0.0010 -0.0041 1.0000
198.0000 278.4730 -0.2349 3.2818 -0.0018 0.0007 -0.0045 1.0000
199.0000 279.9607 -0.2426 3.3213 -0.0015 0.0005 -0.0050 1.0000
200.0000 281.4499 -0.2562 3.3480 -0.0013 0.0005 -0.0054 1.0000
201.0000 283.0909 -0.2734 3.3777 -0.0008 0.0012 -0.0057 1.0000
202.0000 284.5815 -0.2922 3.3984 -0.0001 0.0014 -0.0059 1.0000
203.0000 286.2193 -0.3116 3.4250 0.0003 0.0002 -0.0060 1.0000
204.0000 287.7086 -0.3287 3.4514 0.0007 -0.0011 -0.0058 1.0000
205.0000 289.2021 -0.3446 3.4791 0.0005 -0.0012 -0.0054 1.0000
206.0000 290.8492 -0.3615 3.5059 0.0014 -0.0009 -0.0050 1.0000
207.0000 292.3480 -0.3762 3.5288 0.0013 -0.0012 -0.0045 1.0000
208.0000 294.0016 -0.3901 3.5579 0.0012 -0.0013 -0.0042 1.0000
209.0000 295.5083 -0.4005 3.5862 0.0012 -0.0011 -0.0039 1.0000
210.0000 297.0188 -0.4106 3.6158 0.0014 -0.0009 -0.0035 1.0000
211.0000 298.6872 -0.4259 3.6375 0.0017 -0.0005 -0.0029 1.0000
212.0000 300.2116 -0.4360 3.6593 0.0009 0.0002 -0.0026 1.0000
213.0000 301.8892 -0.4456 3.6829 0.0006 0.0005 -0.0030 1.0000
214.0000 303.4189 -0.4554 3.7074 0.0004 0.0003 -0.0034 1.0000
215.0000 304.9519 -0.4695 3.7267 0.0010 0.0001 -0.0036 1.0000
216.0000 306.6431 -0.4869 3.7530 0.0019 -0.0004 -0.0037 1.0000
217.0000 308.1843 -0.5001 3.7760 0.0027 -0.0013 -0.0039 1.0000
218.0000 309.8859 -0.5083 3.8123 0.0028 -0.0019 -0.0039 1.0000
219.0000 311.4362 -0.5153 3.8422 0.0026 -0.0023 -0.0029 1.0000
220.0000 312.9871 -0.5162 3.8753 0.0021 -0.0022 -0.0018 1.0000
221.0000 314.7025 -0.5092 3.9120 0.0012 -0.0005 -0.0016 1.0000
222.0000 316.2680 -0.5109 3.9401 0.0018 0.0011 -0.0018 1.0000
223.0000 317.9910 -0.5137 3.9732 0.0024 0.0015 -0.0019 1.0000
224.0000 319.5561 -0.5196 3.9971 0.0031 0.0009 -0.0021 1.0000
225.0000 321.2802 -0.5250 4.0265 0.0035 0.0009 -0.0022 1.0000
226.0000 322.8472 -0.5309 4.0516 0.0034 0.0011 -0.0023 1.0000
227.0000 324.4127 -0.5360 4.0818 0.0035 0.0010 -0.0026 1.0000
228.0000 326.1330 -0.5416 4.1116 0.0027 0.0007 -0.0028 1.0000
229.0000 327.6980 -0.5467 4.1442 0.0023 0.0003 -0.0031 1.0000
230.0000 329.4194 -0.5597 4.1723 0.0029 0.0012 -0.0036 1.0000
231.0000 330.9829 -0.5729 4.1977 0.0034 0.0018 -0.0036 1.0000
232.0000 332.5413 -0.5861 4.2157 0.0040 0.0010 -0.0035 1.0000
233.0000 334.2509 -0.5955 4.2480 0.0035 0.0011 -0.0035 1.0000
234.0000 335.8017 -0.6024 4.2733 0.0024 0.0005 -0.0034 1.0000
235.0000 337.5022 -0.6111 4.3048 0.0017 -0.0017 -0.0031 1.0000
236.0000 339.0517 -0.6182 4.3332 0.0010 -0.0012 -0.0026 1.0000
237.0000 340.6016 -0.6244 4.3623 0.0007 0.0005 -0.0022 1.0000
238.0000 342.3062 -0.6314 4.3843 0.0001 0.0021 -0.0016 1.0000
239.0000 343.8491 -0.6372 4.4000 -0.0001 0.0015 -0.0010 1.0000
240.0000 345.5414 -0.6429 4.4136 0.0002 0.0005 -0.0001 1.0000
241.0000 347.0822 -0.6471 4.4280 0.0007 0.0013 0.0008 1.0000
242.0000 348.6200 -0.6482 4.4477 0.0015 0.0017 0.0013 1.0000
243.0000 350.3084 -0.6468 4.4674 0.0017 0.0012 0.0015 1.0000
244.0000 351.8415 -0.6393 4.4917 0.0020 0.0008 0.0016 1.0000
245.0000 353.5281 -0.6319 4.5156 0.0021 0.0008 0.0016 1.0000
246.0000 355.0595 -0.6231 4.5420 0.0023 0.0007 0.0016 1.0000
247.0000 356.5895 -0.6161 4.5694 0.0026 0.0004 0.0016 1.0000
248.0000 358.2711 -0.6072 4.5998 0.0027 0.0001 0.0017 1.0000
249.0000 359.7994 -0.5990 4.6256 0.0030 0.0003 0.0017 1.0000
250.0000 361.4793 -0.5884 4.6538 0.0028 -0.0003 0.0016 1.0000
251.0000 363.0073 -0.5820 4.6803 0.0035 -0.0009 0.0016 1.0000
252.0000 364.5392 -0.5759 4.7079 0.0041 -0.0001 0.0015 1.0000
253.0000 366.2272 -0.5655 4.7394 0.0050 0.0005 0.0016 1.0000
254.0000 367.7610 -0.5576 4.7622 0.0053 0.0001 0.0016 1.0000
255.0000 369.4506 -0.5408 4.7946 0.0047 -0.0003 0.0014 1.0000
256.0000 370.9881 -0.5272 4.8207 0.0037 0.0003 0.0011 1.0000
257.0000 372.6785 -0.5097 4.8550 0.0030 0.0005 0.0009 1.0000
258.0000 374.2168 -0.4985 4.8813 0.0028 0.0003 0.0007 1.0000
259.0000 375.7556 -0.4874 4.9090 0.0029 -0.0001 0.0006 1.0000
260.0000 377.4522 -0.4795 4.9344 0.0029 -0.0002 0.0004 1.0000
261.0000 378.9975 -0.4749 4.9582 0.0027 -0.0002 0.0003 1.0000
262.0000 380.6999 -0.4696 4.9832 0.0021 -0.0001 0.0002 1.0000
263.0000 382.2497 -0.4635 5.0087 0.0014 0.0002 0.0000 1.0000
264.0000 383.8004 -0.4584 5.0339 0.0009 -0.0001 -0.0001 1.0000
265.0000 385.5080 -0.4533 5.0616 0.0004 -0.0004 -0.0003 1.0000
266.0000 387.0622 -0.4495 5.0882 0.0001 -0.0003 -0.0004 1.0000
267.0000 388.7729 -0.4470 5.1142 -0.0006 0.0001 -0.0005 1.0000
268.0000 390.3307 -0.4458 5.1360 -0.0011 0.0005 -0.0007 1.0000
269.0000 391.8894 -0.4455 5.1558 -0.0015 0.0002 -0.0009 1.0000
270.0000 393.6089 -0.4488 5.1824 -0.0015 0.0002 -0.0010 1.0000
