0.0000 -0.0000 -0.0000 0.0000 0.0000 -0.0000 0.0000 1.0000
1.0000 1.0911 0.0095 0.0185 -0.0003 -0.0001 0.0003 1.0000
2.0000 2.1822 0.0191 0.0369 -0.0007 -0.0001 0.0006 1.0000
3.0000 3.2732 0.0286 0.0554 -0.0010 -0.0002 0.0009 1.0000
4.0000 4.3643 0.0382 0.0739 -0.0013 -0.0002 0.0013 1.0000
5.0000 5.4554 0.0477 0.0924 -0.0016 -0.0003 0.0016 1.0000
6.0000 6.5465 0.0573 0.1108 -0.0020 -0.0004 0.0019 1.0000
7.0000 7.6376 0.0668 0.1293 -0.0023 -0.0004 0.0022 1.0000
8.0000 8.7286 0.0764 0.1478 -0.0026 -0.0005 0.0025 1.0000
9.0000 9.8197 0.0859 0.1662 -0.0029 -0.0006 0.0028 1.0000
10.0000 10.9108 0.0955 0.1847 -0.0033 -0.0006 0.0031 1.0000
11.0000 12.0019 0.1050 0.2032 -0.0036 -0.0007 0.0035 1.0000
12.0000 13.0929 0.1146 0.2217 -0.0039 -0.0007 0.0038 1.0000
13.0000 14.1264 0.1242 0.2400 -0.0047 -0.0009 0.0042 1.0000
14.0000 15.2751 0.1336 0.2586 -0.0046 -0.0009 0.0044 1.0000
15.0000 16.5394 0.1438 0.2787 -0.0042 -0.0007 0.0047 1.0000
16.0000 17.6889 0.1537 0.2962 -0.0041 -0.0005 0.0049 1.0000
17.0000 18.9522 0.1661 0.3156 -0.0042 -0.0010 0.0053 1.0000
18.0000 20.1005 0.1780 0.3330 -0.0041 -0.0015 0.0055 1.0000
19.0000 21.2509 0.1915 0.3516 -0.0044 -0.0012 0.0059 1.0000
20.0000 22.5160 0.2068 0.3731 -0.0045 -0.0011 0.0063 1.0000
21.0000 23.6652 0.2209 0.3928 -0.0045 -0.0015 0.0067 1.0000
22.0000 24.9309 0.2385 0.4120 -0.0046 -0.0013 0.0072 1.0000
23.0000 26.0839 0.2542 0.4301 -0.0042 -0.0003 0.0075 1.0000
24.0000 27.2352 0.2704 0.4454 -0.0039 -0.0002 0.0080 1.0000
25.0000 28.4998 0.2893 0.4642 -0.0035 -0.0009 0.0084 1.0000
26.0000 29.6497 0.3069 0.4816 -0.0033 -0.0013 0.0089 1.0000
27.0000 30.9154 0.3288 0.5018 -0.0035 -0.0013 0.0093 1.0000
28.0000 32.0666 0.3485 0.5213 -0.0032 -0.0010 0.0096 0.9999
29.0000 33.2179 0.3692 0.5413 -0.0031 -0.0009 0.0099 0.9999
30.0000 34.4853 0.3921 0.5613 -0.0027 -0.0008 0.0102 0.9999
31.0000 35.6372 0.4145 0.5804 -0.0028 -0.0009 0.0104 0.9999
32.0000 36.9045 0.4385 0.6016 -0.0023 -0.0006 0.0105 0.9999
33.0000 38.0573 0.4620 0.6202 -0.0024 0.0000 0.0105 0.9999
34.0000 39.2096 0.4855 0.6388 -0.0026 0.0005 0.0104 0.9999
35.0000 40.4757 0.5122 0.6583 -0.0030 0.0003 0.0104 0.9999
36.0000 41.6272 0.5370 0.6744 -0.0034 0.0002 0.0104 0.9999
37.0000 42.8962 0.5679 0.6908 -0.0049 0.0010 0.0101 0.9999
38.0000 44.0518 0.5920 0.7035 -0.0050 0.0025 0.0094 0.9999
39.0000 45.2076 0.6145 0.7135 -0.0053 0.0039 0.0085 0.9999
40.0000 46.4808 0.6356 0.7209 -0.0054 0.0056 0.0076 0.9999
41.0000 47.6380 0.6528 0.7265 -0.0053 0.0066 0.0070 0.9999
42.0000 48.7923 0.6663 0.7277 -0.0044 0.0058 0.0063 1.0000
43.0000 50.0623 0.6827 0.7308 -0.0047 0.0046 0.0057 1.0000
44.0000 51.2199 0.6985 0.7356 -0.0053 0.0045 0.0053 1.0000
45.0000 52.4942 0.7119 0.7423 -0.0048 0.0043 0.0053 1.0000
46.0000 53.6532 0.7253 0.7492 -0.0045 0.0039 0.0056 1.0000
47.0000 54.8134 0.7399 0.7562 -0.0046 0.0039 0.0064 1.0000
48.0000 56.0918 0.7585 0.7670 -0.0045 0.0047 0.0072 1.0000
49.0000 57.2528 0.7772 0.7740 -0.0045 0.0048 0.0077 0.9999
50.0000 58.5282 0.8002 0.7812 -0.0050 0.0047 0.0081 0.9999
51.0000 59.6872 0.8212 0.7884 -0.0052 0.0046 0.0084 0.9999
52.0000 60.8448 0.8415 0.7958 -0.0049 0.0044 0.0085 0.9999
53.0000 62.1165 0.8620 0.8043 -0.0042 0.0039 0.0086 0.9999
54.0000 63.2737 0.8825 0.8108 -0.0040 0.0043 0.0088 0.9999
55.0000 64.5455 0.9051 0.8195 -0.0040 0.0054 0.0089 0.9999
56.0000 65.6967 0.9273 0.8251 -0.0042 0.0047 0.0091 0.9999
57.0000 66.8460 0.9514 0.8294 -0.0050 0.0039 0.0091 0.9999
58.0000 68.1101 0.9791 0.8377 -0.0061 0.0039 0.0091 0.9999
59.0000 69.2564 1.0034 0.8451 -0.0070 0.0041 0.0091 0.9999
60.0000 70.5143 1.0297 0.8528 -0.0078 0.0043 0.0090 0.9999
61.0000 71.6564 1.0513 0.8614 -0.0080 0.0048 0.0086 0.9999
62.0000 72.7963 1.0726 0.8692 -0.0089 0.0051 0.0076 0.9999
63.0000 74.0442 1.0883 0.8805 -0.0085 0.0046 0.0062 0.9999
64.0000 75.1723 1.0952 0.8880 -0.0069 0.0020 0.0050 1.0000
65.0000 76.4159 1.1039 0.9001 -0.0071 0.0012 0.0037 1.0000
66.0000 77.5496 1.1085 0.9148 -0.0068 0.0031 0.0023 1.0000
67.0000 78.6782 1.1094 0.9270 -0.0069 0.0041 0.0008 1.0000
68.0000 79.9125 1.1087 0.9364 -0.0071 0.0029 -0.0014 1.0000
69.0000 81.0309 1.1004 0.9475 -0.0067 0.0017 -0.0030 1.0000
70.0000 82.2569 1.0855 0.9636 -0.0060 -0.0002 -0.0049 1.0000
71.0000 83.3717 1.0693 0.9799 -0.0056 -0.0007 -0.0064 1.0000
72.0000 84.4870 1.0518 0.9972 -0.0055 0.0002 -0.0082 1.0000
73.0000 85.7097 1.0287 1.0151 -0.0060 0.0007 -0.0102 0.9999
74.0000 86.8162 1.0019 1.0313 -0.0059 -0.0004 -0.0120 0.9999
75.0000 88.0314 0.9673 1.0491 -0.0057 -0.0017 -0.0137 0.9999
76.0000 89.1379 0.9326 1.0673 -0.0058 -0.0019 -0.0153 0.9999
77.0000 90.2471 0.8933 1.0863 -0.0051 -0.0013 -0.0167 0.9998
78.0000 91.4687 0.8459 1.1054 -0.0047 -0.0005 -0.0182 0.9998
79.0000 92.5799 0.7998 1.1218 -0.0044 0.0004 -0.0195 0.9998
80.0000 93.8017 0.7443 1.1394 -0.0038 0.0009 -0.0208 0.9998
81.0000 94.9111 0.6916 1.1545 -0.0032 -0.0001 -0.0219 0.9998
82.0000 96.0227 0.6350 1.1697 -0.0024 -0.0019 -0.0229 0.9997
83.0000 97.2503 0.5724 1.1887 -0.0025 -0.0035 -0.0240 0.9997
84.0000 98.3729 0.5131 1.2089 -0.0026 -0.0040 -0.0248 0.9997
85.0000 99.6143 0.4478 1.2329 -0.0026 -0.0036 -0.0251 0.9997
86.0000 100.7493 0.3888 1.2549 -0.0028 -0.0027 -0.0248 0.9997
87.0000 101.8886 0.3294 1.2763 -0.0024 -0.0019 -0.0241 0.9997
88.0000 103.1479 0.2649 1.2991 -0.0026 -0.0015 -0.0230 0.9997
89.0000 104.2991 0.2101 1.3183 -0.0026 -0.0013 -0.0219 0.9998
90.0000 105.5697 0.1534 1.3397 -0.0029 -0.0013 -0.0202 0.9998
91.0000 106.7283 0.1078 1.3589 -0.0036 -0.0014 -0.0184 0.9998
92.0000 107.8902 0.0644 1.3785 -0.0037 -0.0014 -0.0165 0.9999
93.0000 109.1728 0.0214 1.4016 -0.0040 -0.0008 -0.0144 0.9999
94.0000 110.3413 -0.0126 1.4215 -0.0041 -0.0004 -0.0123 0.9999
95.0000 111.6294 -0.0448 1.4423 -0.0041 -0.0000 -0.0099 0.9999
96.0000 112.8022 -0.0677 1.4601 -0.0043 0.0000 -0.0076 1.0000
97.0000 113.9768 -0.0844 1.4787 -0.0047 0.0000 -0.0052 1.0000
98.0000 115.2707 -0.0975 1.5007 -0.0050 -0.0002 -0.0026 1.0000
99.0000 116.4488 -0.1037 1.5222 -0.0054 -0.0005 -0.0004 1.0000
100.0000 117.7484 -0.1033 1.5457 -0.0063 -0.0006 0.0016 1.0000
101.0000 118.9328 -0.0983 1.5669 -0.0075 -0.0005 0.0026 1.0000
102.0000 120.1186 -0.0926 1.5873 -0.0079 -0.0007 0.0030 1.0000
103.0000 121.4268 -0.0822 1.6075 -0.0090 -0.0004 0.0036 1.0000
104.0000 122.6194 -0.0724 1.6259 -0.0097 0.0001 0.0041 0.9999
105.0000 123.9324 -0.0618 1.6461 -0.0098 0.0001 0.0045 0.9999
106.0000 125.1312 -0.0461 1.6606 -0.0113 0.0010 0.0050 0.9999
107.0000 126.3337 -0.0309 1.6747 -0.0122 0.0024 0.0053 0.9999
108.0000 127.6562 -0.0167 1.6853 -0.0116 0.0026 0.0057 0.9999
109.0000 128.8589 -0.0035 1.6930 -0.0115 0.0017 0.0059 0.9999
110.0000 130.1872 0.0073 1.7037 -0.0101 0.0021 0.0063 0.9999
111.0000 131.3984 0.0161 1.7143 -0.0089 0.0030 0.0068 0.9999
112.0000 132.6113 0.0276 1.7229 -0.0076 0.0039 0.0069 0.9999
113.0000 133.9478 0.0412 1.7304 -0.0066 0.0048 0.0071 0.9999
114.0000 135.1621 0.0511 1.7352 -0.0045 0.0039 0.0070 1.0000
115.0000 136.5018 0.0613 1.7427 -0.0031 0.0030 0.0070 1.0000
116.0000 137.7236 0.0724 1.7514 -0.0023 0.0030 0.0069 1.0000
117.0000 138.9474 0.0872 1.7609 -0.0023 0.0032 0.0068 1.0000
118.0000 140.2962 0.1042 1.7705 -0.0025 0.0041 0.0065 1.0000
119.0000 141.5233 0.1222 1.7785 -0.0038 0.0050 0.0061 1.0000
120.0000 142.7477 0.1369 1.7851 -0.0038 0.0047 0.0059 1.0000
121.0000 144.0923 0.1524 1.7922 -0.0040 0.0033 0.0056 1.0000
122.0000 145.3143 0.1668 1.8022 -0.0041 0.0023 0.0054 1.0000
123.0000 146.6540 0.1793 1.8174 -0.0035 0.0001 0.0053 1.0000
124.0000 147.8715 0.1924 1.8330 -0.0035 -0.0015 0.0050 1.0000
125.0000 149.0899 0.2045 1.8539 -0.0034 -0.0021 0.0049 1.0000
126.0000 150.4299 0.2164 1.8809 -0.0033 -0.0019 0.0049 1.0000
127.0000 151.6468 0.2300 1.9028 -0.0036 -0.0018 0.0049 1.0000
128.0000 152.9857 0.2446 1.9264 -0.0040 -0.0011 0.0051 1.0000
129.0000 154.2018 0.2597 1.9453 -0.0043 -0.0008 0.0052 1.0000
130.0000 155.4167 0.2732 1.9635 -0.0044 -0.0010 0.0055 1.0000
131.0000 156.7530 0.2893 1.9833 -0.0046 -0.0009 0.0058 1.0000
132.0000 157.9686 0.3029 2.0023 -0.0043 -0.0003 0.0061 1.0000
133.0000 159.3050 0.3206 2.0233 -0.0047 -0.0002 0.0065 1.0000
134.0000 160.5184 0.3367 2.0420 -0.0048 -0.0007 0.0068 1.0000
135.0000 161.7319 0.3543 2.0597 -0.0051 -0.0012 0.0072 1.0000
136.0000 163.0681 0.3756 2.0816 -0.0055 -0.0012 0.0075 1.0000
137.0000 164.2821 0.3938 2.1030 -0.0053 -0.0015 0.0078 1.0000
138.0000 165.6173 0.4152 2.1261 -0.0055 -0.0022 0.0082 0.9999
139.0000 166.8326 0.4350 2.1475 -0.0056 -0.0021 0.0085 0.9999
140.0000 168.0495 0.4563 2.1702 -0.0057 -0.0014 0.0089 0.9999
141.0000 169.3871 0.4803 2.1941 -0.0058 -0.0011 0.0093 0.9999
142.0000 170.6033 0.5031 2.2145 -0.0059 -0.0010 0.0096 0.9999
143.0000 171.9415 0.5294 2.2363 -0.0061 -0.0008 0.0100 0.9999
144.0000 173.1573 0.5541 2.2565 -0.0063 -0.0012 0.0102 0.9999
145.0000 174.3728 0.5791 2.2767 -0.0068 -0.0016 0.0105 0.9999
146.0000 175.7114 0.6056 2.3007 -0.0069 -0.0013 0.0107 0.9999
147.0000 176.9259 0.6300 2.3229 -0.0068 -0.0017 0.0108 0.9999
148.0000 178.2598 0.6542 2.3474 -0.0061 -0.0027 0.0109 0.9999
149.0000 179.4734 0.6754 2.3701 -0.0047 -0.0025 0.0110 0.9999
150.0000 180.6892 0.6984 2.3924 -0.0047 -0.0010 0.0112 0.9999
151.0000 182.0265 0.7252 2.4145 -0.0045 0.0017 0.0112 0.9999
152.0000 183.2349 0.7511 2.4300 -0.0047 0.0013 0.0113 0.9999
153.0000 184.5572 0.7811 2.4471 -0.0055 -0.0003 0.0112 0.9999
154.0000 185.7581 0.8073 2.4657 -0.0057 -0.0013 0.0113 0.9999
155.0000 186.9585 0.8315 2.4872 -0.0055 -0.0013 0.0114 0.9999
156.0000 188.2777 0.8589 2.5102 -0.0055 -0.0005 0.0114 0.9999
157.0000 189.4747 0.8836 2.5312 -0.0055 0.0005 0.0113 0.9999
158.0000 190.7869 0.9086 2.5534 -0.0052 0.0010 0.0110 0.9999
159.0000 191.9743 0.9302 2.5736 -0.0052 0.0008 0.0103 0.9999
160.0000 193.1571 0.9484 2.5929 -0.0046 -0.0000 0.0097 0.9999
161.0000 194.4540 0.9674 2.6175 -0.0045 -0.0008 0.0090 0.9999
162.0000 195.6287 0.9817 2.6412 -0.0041 -0.0012 0.0083 1.0000
163.0000 196.9174 0.9974 2.6674 -0.0042 -0.0007 0.0077 1.0000
164.0000 198.0844 1.0100 2.6901 -0.0040 0.0003 0.0070 1.0000
165.0000 199.2447 1.0224 2.7118 -0.0044 0.0005 0.0065 1.0000
166.0000 200.5144 1.0338 2.7338 -0.0043 0.0004 0.0059 1.0000
167.0000 201.6636 1.0430 2.7534 -0.0045 0.0006 0.0054 1.0000
168.0000 202.9204 1.0508 2.7764 -0.0046 0.0008 0.0048 1.0000
169.0000 204.0544 1.0573 2.7947 -0.0046 0.0006 0.0045 1.0000
170.0000 205.1791 1.0636 2.8134 -0.0046 0.0007 0.0040 1.0000
171.0000 206.4033 1.0676 2.8343 -0.0040 0.0008 0.0037 1.0000
172.0000 207.5031 1.0715 2.8529 -0.0040 0.0010 0.0036 1.0000
173.0000 208.6974 1.0759 2.8738 -0.0037 0.0017 0.0038 1.0000
174.0000 209.7671 1.0827 2.8906 -0.0038 0.0017 0.0041 1.0000
175.0000 210.8220 1.0909 2.9074 -0.0040 0.0012 0.0043 1.0000
176.0000 211.9683 1.1011 2.9258 -0.0041 0.0008 0.0045 1.0000
177.0000 212.9979 1.1098 2.9432 -0.0041 0.0007 0.0048 1.0000
178.0000 214.1176 1.1200 2.9626 -0.0038 0.0007 0.0054 1.0000
179.0000 215.1243 1.1297 2.9802 -0.0036 0.0011 0.0062 1.0000
180.0000 216.1206 1.1395 2.9968 -0.0031 0.0018 0.0071 1.0000
181.0000 217.2017 1.1547 3.0139 -0.0032 0.0029 0.0083 1.0000
182.0000 218.1673 1.1710 3.0286 -0.0033 0.0029 0.0094 0.9999
183.0000 219.2081 1.1923 3.0417 -0.0034 0.0026 0.0108 0.9999
184.0000 220.1351 1.2123 3.0543 -0.0035 0.0026 0.0121 0.9999
185.0000 221.0418 1.2349 3.0688 -0.0037 0.0029 0.0135 0.9999
186.0000 222.0151 1.2617 3.0848 -0.0039 0.0029 0.0151 0.9999
187.0000 222.8767 1.2877 3.0982 -0.0039 0.0026 0.0165 0.9999
188.0000 223.8009 1.3182 3.1130 -0.0038 0.0023 0.0182 0.9998
189.0000 224.6193 1.3496 3.1275 -0.0043 0.0022 0.0197 0.9998
190.0000 225.4180 1.3817 3.1426 -0.0044 0.0017 0.0212 0.9998
191.0000 226.2772 1.4208 3.1570 -0.0054 0.0018 0.0224 0.9997
192.0000 227.0397 1.4549 3.1697 -0.0058 0.0018 0.0228 0.9997
193.0000 227.8607 1.4901 3.1843 -0.0058 0.0025 0.0227 0.9997
194.0000 228.5888 1.5204 3.1977 -0.0059 0.0029 0.0225 0.9997
195.0000 229.3010 1.5495 3.2100 -0.0058 0.0026 0.0223 0.9997
196.0000 230.0733 1.5821 3.2213 -0.0060 0.0016 0.0221 0.9997
197.0000 230.7718 1.6101 3.2321 -0.0061 0.0005 0.0217 0.9997
198.0000 231.5365 1.6404 3.2445 -0.0061 -0.0002 0.0211 0.9998
199.0000 232.2295 1.6672 3.2568 -0.0065 -0.0004 0.0204 0.9998
200.0000 232.9190 1.6911 3.2691 -0.0062 -0.0005 0.0196 0.9998
201.0000 233.6737 1.7158 3.2827 -0.0061 -0.0005 0.0186 0.9998
202.0000 234.3567 1.7387 3.2946 -0.0062 -0.0005 0.0176 0.9998
203.0000 235.1034 1.7611 3.3074 -0.0061 -0.0006 0.0165 0.9998
204.0000 235.7791 1.7804 3.3179 -0.0061 -0.0005 0.0151 0.9999
205.0000 236.4519 1.7959 3.3282 -0.0057 -0.0002 0.0136 0.9999
206.0000 237.1879 1.8096 3.3422 -0.0051 0.0001 0.0120 0.9999
207.0000 237.8532 1.8205 3.3551 -0.0050 0.0002 0.0106 0.9999
208.0000 238.5815 1.8305 3.3693 -0.0048 0.0000 0.0090 0.9999
209.0000 239.2416 1.8375 3.3804 -0.0047 -0.0002 0.0076 1.0000
210.0000 239.9030 1.8444 3.3915 -0.0052 -0.0006 0.0062 1.0000
211.0000 240.6349 1.8498 3.4049 -0.0052 -0.0009 0.0047 1.0000
212.0000 241.3054 1.8527 3.4165 -0.0052 -0.0005 0.0033 1.0000
213.0000 242.0467 1.8568 3.4289 -0.0055 -0.0001 0.0020 1.0000
214.0000 242.7219 1.8577 3.4399 -0.0054 -0.0002 0.0009 1.0000
215.0000 243.4669 1.8577 3.4513 -0.0053 -0.0009 -0.0003 1.0000
216.0000 244.1474 1.8562 3.4599 -0.0054 -0.0021 -0.0012 1.0000
217.0000 244.8342 1.8536 3.4684 -0.0050 -0.0028 -0.0016 1.0000
218.0000 245.5966 1.8495 3.4812 -0.0050 -0.0033 -0.0017 1.0000
219.0000 246.2964 1.8459 3.4947 -0.0046 -0.0034 -0.0018 1.0000
220.0000 247.0729 1.8437 3.5101 -0.0051 -0.0035 -0.0019 1.0000
221.0000 247.7858 1.8422 3.5251 -0.0055 -0.0038 -0.0021 1.0000
222.0000 248.5028 1.8391 3.5394 -0.0052 -0.0048 -0.0022 1.0000
223.0000 249.2984 1.8308 3.5560 -0.0032 -0.0057 -0.0024 1.0000
224.0000 250.0304 1.8226 3.5690 -0.0016 -0.0062 -0.0026 1.0000
225.0000 250.8488 1.8212 3.5833 -0.0025 -0.0045 -0.0029 1.0000
226.0000 251.6031 1.8242 3.5986 -0.0046 -0.0016 -0.0031 1.0000
227.0000 252.3628 1.8200 3.6119 -0.0045 0.0008 -0.0035 1.0000
228.0000 253.1997 1.8089 3.6222 -0.0038 -0.0003 -0.0045 1.0000
229.0000 253.9634 1.8026 3.6271 -0.0043 -0.0033 -0.0065 1.0000
230.0000 254.8153 1.7931 3.6373 -0.0054 -0.0056 -0.0086 0.9999
231.0000 255.6022 1.7795 3.6504 -0.0061 -0.0055 -0.0101 0.9999
232.0000 256.3981 1.7598 3.6663 -0.0055 -0.0043 -0.0117 0.9999
233.0000 257.2809 1.7321 3.6836 -0.0039 -0.0027 -0.0132 0.9999
234.0000 258.0857 1.7058 3.6961 -0.0027 -0.0018 -0.0145 0.9999
235.0000 258.9713 1.6787 3.7116 -0.0027 -0.0015 -0.0161 0.9999
236.0000 259.7745 1.6539 3.7267 -0.0038 -0.0025 -0.0174 0.9998
237.0000 260.5779 1.6242 3.7406 -0.0040 -0.0036 -0.0185 0.9998
238.0000 261.4646 1.5885 3.7565 -0.0041 -0.0038 -0.0199 0.9998
239.0000 262.2740 1.5557 3.7743 -0.0046 -0.0028 -0.0213 0.9998
240.0000 263.1646 1.5189 3.7943 -0.0054 -0.0018 -0.0230 0.9997
241.0000 263.9734 1.4813 3.8104 -0.0057 -0.0018 -0.0243 0.9997
242.0000 264.7824 1.4392 3.8249 -0.0056 -0.0021 -0.0256 0.9997
243.0000 265.6741 1.3863 3.8408 -0.0048 -0.0023 -0.0270 0.9996
244.0000 266.4876 1.3366 3.8541 -0.0033 -0.0021 -0.0279 0.9996
245.0000 267.3841 1.2807 3.8688 -0.0026 -0.0020 -0.0283 0.9996
246.0000 268.2002 1.2325 3.8838 -0.0022 -0.0021 -0.0286 0.9996
247.0000 269.0180 1.1838 3.8991 -0.0021 -0.0020 -0.0289 0.9996
248.0000 269.9208 1.1303 3.9152 -0.0021 -0.0018 -0.0289 0.9996
249.0000 270.7434 1.0834 3.9318 -0.0024 -0.0015 -0.0286 0.9996
250.0000 271.6474 1.0317 3.9493 -0.0022 -0.0019 -0.0280 0.9996
251.0000 272.4685 0.9883 3.9631 -0.0023 -0.0023 -0.0272 0.9996
252.0000 273.2890 0.9468 3.9773 -0.0026 -0.0028 -0.0265 0.9996
253.0000 274.1916 0.9014 3.9931 -0.0032 -0.0028 -0.0257 0.9997
254.0000 275.0103 0.8621 4.0088 -0.0037 -0.0029 -0.0249 0.9997
255.0000 275.9094 0.8196 4.0253 -0.0040 -0.0026 -0.0237 0.9997
256.0000 276.7250 0.7828 4.0407 -0.0039 -0.0019 -0.0224 0.9997
257.0000 277.5385 0.7474 4.0558 -0.0032 -0.0008 -0.0204 0.9998
258.0000 278.4271 0.7130 4.0715 -0.0026 0.0002 -0.0179 0.9998
259.0000 279.2275 0.6870 4.0845 -0.0024 0.0008 -0.0156 0.9999
260.0000 280.0972 0.6634 4.0970 -0.0021 0.0011 -0.0131 0.9999
261.0000 280.8781 0.6446 4.1076 -0.0019 0.0015 -0.0109 0.9999
262.0000 281.6466 0.6283 4.1183 -0.0014 0.0016 -0.0087 1.0000
263.0000 282.4760 0.6173 4.1293 -0.0012 0.0014 -0.0065 1.0000
264.0000 283.2142 0.6131 4.1373 -0.0013 0.0013 -0.0046 1.0000
265.0000 284.0070 0.6129 4.1467 -0.0015 0.0014 -0.0026 1.0000
266.0000 284.7083 0.6130 4.1567 -0.0014 0.0014 -0.0008 1.0000
267.0000 285.3900 0.6149 4.1673 -0.0009 0.0010 0.0012 1.0000
268.0000 286.1185 0.6244 4.1793 -0.0015 0.0003 0.0039 1.0000
269.0000 286.7604 0.6385 4.1900 -0.0023 -0.0007 0.0069 1.0000
270.0000 287.4492 0.6585 4.2011 -0.0027 -0.0016 0.0112 0.9999
271.0000 288.0626 0.6811 4.2131 -0.0026 -0.0021 0.0162 0.9999
272.0000 288.6658 0.7124 4.2262 -0.0028 -0.0024 0.0225 0.9997
273.0000 289.3163 0.7598 4.2392 -0.0033 -0.0020 0.0312 0.9995
274.0000 289.8946 0.8173 4.2499 -0.0045 -0.0017 0.0407 0.9992
275.0000 290.5130 0.8907 4.2610 -0.0053 -0.0019 0.0526 0.9986
276.0000 291.0613 0.9698 4.2714 -0.0060 -0.0020 0.0648 0.9979
277.0000 291.5960 1.0634 4.2809 -0.0067 -0.0020 0.0781 0.9969
278.0000 292.1700 1.1844 4.2904 -0.0073 -0.0015 0.0943 0.9955
279.0000 292.6778 1.3085 4.2982 -0.0071 -0.0008 0.1106 0.9938
280.0000 293.1693 1.4474 4.3094 -0.0070 -0.0001 0.1282 0.9917
281.0000 293.6917 1.6194 4.3240 -0.0075 0.0010 0.1484 0.9889
282.0000 294.1497 1.7945 4.3352 -0.0080 0.0020 0.1677 0.9858
283.0000 294.6359 2.0032 4.3455 -0.0081 0.0029 0.1897 0.9818
284.0000 295.0634 2.2103 4.3516 -0.0078 0.0036 0.2103 0.9776
285.0000 295.4760 2.4328 4.3577 -0.0074 0.0041 0.2318 0.9727
286.0000 295.9118 2.6955 4.3648 -0.0068 0.0046 0.2564 0.9665
287.0000 296.2926 2.9516 4.3697 -0.0060 0.0053 0.2795 0.9601
288.0000 296.6556 3.2244 4.3742 -0.0055 0.0061 0.3032 0.9529
289.0000 297.0314 3.5467 4.3779 -0.0060 0.0062 0.3297 0.9440
290.0000 297.3519 3.8551 4.3847 -0.0053 0.0063 0.3543 0.9351
291.0000 297.6856 4.2098 4.3880 -0.0039 0.0078 0.3822 0.9240
292.0000 297.9679 4.5469 4.3874 -0.0020 0.0103 0.4085 0.9127
293.0000 298.2224 4.8978 4.3854 -0.0008 0.0122 0.4357 0.9000
294.0000 298.4650 5.2997 4.3827 -0.0019 0.0130 0.4656 0.8849
295.0000 298.6509 5.6776 4.3831 -0.0049 0.0130 0.4921 0.8704
296.0000 298.8116 6.0587 4.3811 -0.0072 0.0128 0.5182 0.8551
297.0000 298.9623 6.4784 4.3738 -0.0079 0.0127 0.5466 0.8373
298.0000 299.0770 6.8622 4.3659 -0.0081 0.0135 0.5714 0.8205
299.0000 299.1747 7.2900 4.3588 -0.0084 0.0151 0.5979 0.8014
300.0000 299.2385 7.6818 4.3530 -0.0092 0.0165 0.6213 0.7833
301.0000 299.2784 8.0816 4.3450 -0.0094 0.0180 0.6448 0.7640
302.0000 299.2932 8.5323 4.3369 -0.0108 0.0188 0.6705 0.7416
303.0000 299.2801 8.9531 4.3267 -0.0120 0.0205 0.6934 0.7202
304.0000 299.2408 9.3826 4.3132 -0.0139 0.0226 0.7160 0.6976
305.0000 299.1652 9.8618 4.2972 -0.0160 0.0249 0.7402 0.6717
306.0000 299.0647 10.3036 4.2811 -0.0179 0.0268 0.7616 0.6473
307.0000 298.9224 10.7939 4.2610 -0.0193 0.0292 0.7840 0.6198
308.0000 298.7613 11.2415 4.2400 -0.0200 0.0311 0.8034 0.5943
309.0000 298.5694 11.6875 4.2178 -0.0202 0.0322 0.8216 0.5687
310.0000 298.3201 12.1763 4.1907 -0.0197 0.0328 0.8405 0.5405
311.0000 298.0609 12.6200 4.1619 -0.0192 0.0329 0.8563 0.5151
312.0000 297.7358 13.1071 4.1272 -0.0189 0.0331 0.8721 0.4879
313.0000 297.4073 13.5501 4.0947 -0.0189 0.0331 0.8848 0.4644
314.0000 297.0449 13.9939 4.0650 -0.0194 0.0332 0.8959 0.4427
315.0000 296.6136 14.4855 4.0305 -0.0198 0.0350 0.9068 0.4196
316.0000 296.1885 14.9341 3.9966 -0.0197 0.0386 0.9165 0.3978
317.0000 295.6777 15.4211 3.9567 -0.0202 0.0417 0.9266 0.3731
318.0000 295.1720 15.8504 3.9195 -0.0204 0.0428 0.9352 0.3511
319.0000 294.5759 16.3062 3.8771 -0.0192 0.0415 0.9437 0.3276
320.0000 293.9983 16.7086 3.8383 -0.0171 0.0409 0.9507 0.3069
321.0000 293.3857 17.1000 3.7970 -0.0152 0.0391 0.9571 0.2868
322.0000 292.6741 17.5182 3.7547 -0.0131 0.0383 0.9633 0.2652
323.0000 291.9865 17.8840 3.7225 -0.0132 0.0374 0.9685 0.2459
324.0000 291.1925 18.2601 3.6914 -0.0132 0.0358 0.9738 0.2241
325.0000 290.4377 18.5854 3.6624 -0.0126 0.0356 0.9781 0.2044
326.0000 289.5718 18.9260 3.6318 -0.0124 0.0370 0.9824 0.1826
327.0000 288.7501 19.2127 3.6070 -0.0124 0.0389 0.9858 0.1629
328.0000 287.8957 19.4702 3.5814 -0.0134 0.0392 0.9887 0.1438
329.0000 286.9233 19.7299 3.5546 -0.0137 0.0409 0.9914 0.1235
330.0000 286.0100 19.9353 3.5324 -0.0141 0.0408 0.9935 0.1055
331.0000 284.9774 20.1250 3.5036 -0.0120 0.0403 0.9953 0.0871
332.0000 284.0106 20.2715 3.4777 -0.0105 0.0400 0.9966 0.0709
333.0000 283.0134 20.3909 3.4575 -0.0106 0.0398 0.9976 0.0556
334.0000 281.8883 20.4897 3.4374 -0.0107 0.0391 0.9984 0.0392
335.0000 280.8408 20.5516 3.4202 -0.0104 0.0387 0.9989 0.0252
336.0000 279.6627 20.5900 3.3998 -0.0099 0.0391 0.9991 0.0111
337.0000 278.5661 20.5947 3.3850 -0.0106 0.0377 0.9992 -0.0009
338.0000 277.3387 20.5718 3.3669 -0.0110 0.0369 0.9992 -0.0133
339.0000 276.2066 20.5275 3.3520 -0.0107 0.0358 0.9990 -0.0231
340.0000 275.0636 20.4589 3.3389 -0.0095 0.0336 0.9989 -0.0311
341.0000 273.7898 20.3634 3.3265 -0.0089 0.0310 0.9988 -0.0377
342.0000 272.6135 20.2632 3.3168 -0.0096 0.0288 0.9987 -0.0415
343.0000 271.3022 20.1462 3.3055 -0.0105 0.0270 0.9986 -0.0435
344.0000 270.0957 20.0446 3.2935 -0.0097 0.0261 0.9987 -0.0437
345.0000 268.7493 19.9306 3.2784 -0.0090 0.0249 0.9987 -0.0427
346.0000 267.5076 19.8268 3.2643 -0.0095 0.0246 0.9988 -0.0415
347.0000 266.2528 19.7257 3.2513 -0.0099 0.0241 0.9988 -0.0403
348.0000 264.8592 19.6210 3.2354 -0.0103 0.0238 0.9989 -0.0382
349.0000 263.5831 19.5304 3.2236 -0.0111 0.0230 0.9990 -0.0358
350.0000 262.1767 19.4339 3.2137 -0.0122 0.0227 0.9991 -0.0328
351.0000 260.8974 19.3535 3.2036 -0.0131 0.0224 0.9992 -0.0303
352.0000 259.6170 19.2804 3.1925 -0.0132 0.0223 0.9993 -0.0279
353.0000 258.2059 19.2066 3.1781 -0.0129 0.0217 0.9994 -0.0251
354.0000 256.9191 19.1446 3.1661 -0.0125 0.0208 0.9995 -0.0225
355.0000 255.5004 19.0849 3.1518 -0.0122 0.0204 0.9995 -0.0196
356.0000 254.2053 19.0378 3.1391 -0.0134 0.0201 0.9996 -0.0171
357.0000 252.9068 18.9987 3.1244 -0.0151 0.0203 0.9996 -0.0148
358.0000 251.4775 18.9640 3.1021 -0.0151 0.0207 0.9996 -0.0124
359.0000 250.1764 18.9387 3.0795 -0.0147 0.0213 0.9996 -0.0106
360.0000 248.7428 18.9146 3.0567 -0.0144 0.0214 0.9996 -0.0090
361.0000 247.4398 18.8948 3.0378 -0.0128 0.0215 0.9997 -0.0077
362.0000 246.1338 18.8773 3.0187 -0.0115 0.0213 0.9997 -0.0065
363.0000 244.6857 18.8615 2.9999 -0.0127 0.0208 0.9997 -0.0053
364.0000 243.3659 18.8518 2.9816 -0.0138 0.0213 0.9997 -0.0044
365.0000 241.9108 18.8435 2.9554 -0.0137 0.0214 0.9997 -0.0039
366.0000 240.5845 18.8349 2.9323 -0.0139 0.0220 0.9997 -0.0038
367.0000 239.2539 18.8284 2.9101 -0.0139 0.0221 0.9997 -0.0040
368.0000 237.7905 18.8222 2.8883 -0.0131 0.0231 0.9996 -0.0042
369.0000 236.4557 18.8144 2.8671 -0.0122 0.0237 0.9996 -0.0045
370.0000 235.1167 18.8049 2.8464 -0.0124 0.0245 0.9996 -0.0050
371.0000 233.6367 18.7918 2.8233 -0.0142 0.0247 0.9996 -0.0055
372.0000 232.2912 18.7769 2.7966 -0.0146 0.0242 0.9996 -0.0061
373.0000 230.8078 18.7560 2.7707 -0.0150 0.0235 0.9996 -0.0065
374.0000 229.4574 18.7355 2.7488 -0.0148 0.0226 0.9996 -0.0069
375.0000 228.1042 18.7144 2.7287 -0.0146 0.0218 0.9996 -0.0072
376.0000 226.6119 18.6940 2.7058 -0.0139 0.0220 0.9996 -0.0073
377.0000 225.2534 18.6757 2.6853 -0.0130 0.0220 0.9996 -0.0074
378.0000 223.8882 18.6592 2.6677 -0.0133 0.0225 0.9996 -0.0074
379.0000 222.3835 18.6392 2.6479 -0.0138 0.0224 0.9996 -0.0076
380.0000 221.0114 18.6197 2.6285 -0.0142 0.0225 0.9996 -0.0076
381.0000 219.9121 18.6020 2.6132 -0.0146 0.0218 0.9996 -0.0077
382.0000 218.1223 18.5767 2.5858 -0.0147 0.0223 0.9996 -0.0075
383.0000 216.7437 18.5554 2.5628 -0.0138 0.0220 0.9996 -0.0076
384.0000 215.2194 18.5341 2.5358 -0.0144 0.0229 0.9996 -0.0077
385.0000 213.8302 18.5134 2.5136 -0.0152 0.0231 0.9996 -0.0077
386.0000 212.4423 18.4875 2.4846 -0.0150 0.0232 0.9996 -0.0077
387.0000 210.9139 18.4592 2.4534 -0.0136 0.0235 0.9996 -0.0077
388.0000 209.5188 18.4331 2.4271 -0.0134 0.0236 0.9996 -0.0076
389.0000 207.9785 18.4038 2.3991 -0.0139 0.0233 0.9996 -0.0076
390.0000 206.5784 18.3787 2.3714 -0.0129 0.0234 0.9996 -0.0076
391.0000 205.1713 18.3515 2.3445 -0.0134 0.0229 0.9996 -0.0077
392.0000 203.6192 18.3220 2.3189 -0.0147 0.0223 0.9996 -0.0076
393.0000 202.2091 18.2957 2.2921 -0.0146 0.0222 0.9996 -0.0076
394.0000 200.7985 18.2731 2.2679 -0.0145 0.0227 0.9996 -0.0076
395.0000 199.2472 18.2476 2.2416 -0.0140 0.0229 0.9996 -0.0076
396.0000 197.8348 18.2244 2.2184 -0.0150 0.0231 0.9996 -0.0074
397.0000 196.2816 18.1978 2.1930 -0.0165 0.0228 0.9996 -0.0070
398.0000 194.8736 18.1740 2.1668 -0.0166 0.0222 0.9996 -0.0065
399.0000 193.4676 18.1521 2.1398 -0.0165 0.0219 0.9996 -0.0060
400.0000 191.9220 18.1286 2.1129 -0.0168 0.0213 0.9996 -0.0056
401.0000 190.5211 18.1099 2.0868 -0.0166 0.0214 0.9996 -0.0051
402.0000 189.1222 18.0947 2.0623 -0.0160 0.0218 0.9996 -0.0047
403.0000 187.5853 18.0797 2.0380 -0.0159 0.0222 0.9996 -0.0044
404.0000 186.1898 18.0677 2.0180 -0.0162 0.0221 0.9996 -0.0041
405.0000 184.6593 18.0534 1.9940 -0.0159 0.0220 0.9996 -0.0037
406.0000 183.2684 18.0413 1.9730 -0.0164 0.0219 0.9996 -0.0034
407.0000 181.8800 18.0309 1.9507 -0.0172 0.0218 0.9996 -0.0031
408.0000 180.3572 18.0215 1.9251 -0.0176 0.0218 0.9996 -0.0025
409.0000 178.9790 18.0148 1.8999 -0.0169 0.0218 0.9996 -0.0015
410.0000 177.6039 18.0102 1.8760 -0.0164 0.0216 0.9996 -0.0006
411.0000 176.0941 18.0091 1.8497 -0.0172 0.0219 0.9996 0.0005
412.0000 174.7287 18.0118 1.8258 -0.0181 0.0223 0.9996 0.0015
413.0000 173.2400 18.0186 1.7980 -0.0176 0.0228 0.9996 0.0026
414.0000 171.8965 18.0266 1.7745 -0.0176 0.0229 0.9996 0.0036
415.0000 170.5652 18.0377 1.7517 -0.0184 0.0230 0.9996 0.0046
416.0000 169.1191 18.0522 1.7252 -0.0192 0.0230 0.9995 0.0057
417.0000 167.8230 18.0692 1.7012 -0.0199 0.0234 0.9995 0.0067
418.0000 166.5479 18.0880 1.6773 -0.0194 0.0234 0.9995 0.0076
419.0000 165.1652 18.1115 1.6505 -0.0195 0.0239 0.9995 0.0084
420.0000 163.9269 18.1318 1.6276 -0.0210 0.0235 0.9995 0.0090
421.0000 162.5924 18.1570 1.6025 -0.0209 0.0237 0.9995 0.0092
422.0000 161.4050 18.1786 1.5803 -0.0200 0.0235 0.9995 0.0092
423.0000 160.2379 18.1988 1.5600 -0.0197 0.0231 0.9995 0.0092
424.0000 158.9811 18.2236 1.5408 -0.0198 0.0236 0.9995 0.0091
425.0000 157.8627 18.2445 1.5239 -0.0197 0.0237 0.9995 0.0089
426.0000 156.7687 18.2638 1.5072 -0.0202 0.0235 0.9995 0.0087
427.0000 155.5924 18.2846 1.4882 -0.0211 0.0237 0.9995 0.0084
428.0000 154.5494 18.3026 1.4730 -0.0217 0.0234 0.9995 0.0082
429.0000 153.4327 18.3201 1.4540 -0.0212 0.0228 0.9995 0.0079
430.0000 152.4437 18.3380 1.4361 -0.0207 0.0231 0.9995 0.0077
431.0000 151.4796 18.3550 1.4202 -0.0202 0.0233 0.9995 0.0074
432.0000 150.4455 18.3707 1.4038 -0.0202 0.0229 0.9995 0.0071
433.0000 149.5311 18.3851 1.3890 -0.0208 0.0232 0.9995 0.0069
434.0000 148.6404 18.3983 1.3757 -0.0211 0.0231 0.9995 0.0067
435.0000 147.6876 18.4120 1.3587 -0.0212 0.0233 0.9995 0.0065
436.0000 146.8406 18.4242 1.3424 -0.0213 0.0234 0.9995 0.0061
437.0000 145.9276 18.4346 1.3265 -0.0211 0.0227 0.9995 0.0058
438.0000 145.1130 18.4447 1.3113 -0.0199 0.0232 0.9995 0.0056
439.0000 144.3123 18.4579 1.2942 -0.0188 0.0246 0.9995 0.0055
440.0000 143.4470 18.4696 1.2759 -0.0183 0.0253 0.9995 0.0053
441.0000 142.6759 18.4754 1.2629 -0.0185 0.0248 0.9995 0.0054
442.0000 141.8465 18.4840 1.2499 -0.0182 0.0249 0.9995 0.0052
443.0000 141.1079 18.4952 1.2359 -0.0173 0.0260 0.9995 0.0051
444.0000 140.3790 18.5045 1.2234 -0.0170 0.0263 0.9995 0.0051
445.0000 139.5846 18.5117 1.2124 -0.0174 0.0261 0.9995 0.0054
446.0000 138.8696 18.5192 1.2032 -0.0178 0.0261 0.9995 0.0056
447.0000 138.0941 18.5290 1.1933 -0.0175 0.0265 0.9995 0.0059
448.0000 137.4000 18.5389 1.1822 -0.0171 0.0272 0.9995 0.0062
449.0000 136.7136 18.5496 1.1708 -0.0166 0.0277 0.9995 0.0064
450.0000 135.9648 18.5625 1.1613 -0.0155 0.0285 0.9995 0.0065
451.0000 135.2875 18.5736 1.1559 -0.0144 0.0287 0.9995 0.0067
452.0000 134.5462 18.5852 1.1494 -0.0133 0.0292 0.9995 0.0070
453.0000 133.8739 18.5919 1.1398 -0.0122 0.0285 0.9995 0.0073
454.0000 133.2039 18.5971 1.1309 -0.0115 0.0275 0.9995 0.0075
455.0000 132.4675 18.6075 1.1224 -0.0121 0.0281 0.9995 0.0077
456.0000 131.7990 18.6221 1.1126 -0.0135 0.0296 0.9994 0.0079
457.0000 131.0720 18.6280 1.1071 -0.0134 0.0276 0.9995 0.0081
458.0000 130.4165 18.6284 1.1054 -0.0124 0.0248 0.9996 0.0083
459.0000 129.7618 18.6337 1.0988 -0.0103 0.0234 0.9996 0.0081
460.0000 129.0382 18.6515 1.0867 -0.0059 0.0254 0.9996 0.0080
461.0000 128.3678 18.6561 1.0814 -0.0050 0.0235 0.9997 0.0080
462.0000 127.6164 18.6581 1.0794 -0.0062 0.0209 0.9997 0.0076
463.0000 126.9218 18.6631 1.0758 -0.0078 0.0195 0.9998 0.0072
464.0000 126.2182 18.6693 1.0707 -0.0093 0.0187 0.9998 0.0065
465.0000 125.4340 18.6763 1.0651 -0.0099 0.0186 0.9998 0.0054
466.0000 124.7113 18.6814 1.0580 -0.0095 0.0186 0.9998 0.0040
467.0000 123.9023 18.6820 1.0439 -0.0085 0.0181 0.9998 0.0022
468.0000 123.1503 18.6785 1.0326 -0.0085 0.0171 0.9998 0.0007
469.0000 122.3801 18.6741 1.0235 -0.0101 0.0165 0.9998 -0.0009
470.0000 121.5130 18.6685 1.0123 -0.0126 0.0166 0.9998 -0.0028
471.0000 120.7102 18.6629 0.9990 -0.0140 0.0174 0.9997 -0.0044
472.0000 119.8115 18.6537 0.9828 -0.0142 0.0181 0.9997 -0.0063
473.0000 118.9795 18.6435 0.9650 -0.0135 0.0190 0.9997 -0.0081
474.0000 118.1322 18.6294 0.9475 -0.0123 0.0197 0.9997 -0.0101
475.0000 117.1803 18.6107 0.9305 -0.0117 0.0208 0.9996 -0.0121
476.0000 116.2957 18.5873 0.9141 -0.0118 0.0214 0.9996 -0.0141
477.0000 115.3035 18.5587 0.8989 -0.0130 0.0222 0.9995 -0.0162
478.0000 114.3836 18.5282 0.8835 -0.0140 0.0229 0.9995 -0.0183
479.0000 113.4509 18.4958 0.8671 -0.0140 0.0244 0.9994 -0.0202
480.0000 112.4083 18.4529 0.8484 -0.0129 0.0252 0.9993 -0.0226
481.0000 111.4455 18.4074 0.8304 -0.0112 0.0257 0.9993 -0.0245
482.0000 110.3651 18.3520 0.8122 -0.0104 0.0262 0.9992 -0.0266
483.0000 109.3652 18.2961 0.7984 -0.0105 0.0261 0.9992 -0.0279
484.0000 108.3501 18.2361 0.7857 -0.0104 0.0262 0.9992 -0.0289
485.0000 107.2175 18.1672 0.7714 -0.0090 0.0257 0.9992 -0.0293
486.0000 106.1726 18.1041 0.7603 -0.0076 0.0254 0.9992 -0.0295
487.0000 105.0036 18.0375 0.7467 -0.0060 0.0265 0.9992 -0.0294
488.0000 103.9167 17.9761 0.7357 -0.0075 0.0272 0.9992 -0.0291
489.0000 102.8089 17.9121 0.7265 -0.0108 0.0270 0.9992 -0.0290
490.0000 101.5791 17.8417 0.7091 -0.0120 0.0273 0.9991 -0.0288
491.0000 100.4500 17.7749 0.6914 -0.0108 0.0268 0.9992 -0.0286
492.0000 99.1902 17.7009 0.6730 -0.0100 0.0264 0.9992 -0.0281
493.0000 98.0268 17.6322 0.6584 -0.0102 0.0257 0.9992 -0.0279
494.0000 96.8500 17.5656 0.6446 -0.0099 0.0256 0.9992 -0.0278
495.0000 95.5386 17.4936 0.6266 -0.0095 0.0261 0.9992 -0.0274
496.0000 94.3286 17.4297 0.6116 -0.0110 0.0262 0.9992 -0.0268
497.0000 92.9813 17.3573 0.5943 -0.0122 0.0256 0.9993 -0.0260
498.0000 91.7460 17.2937 0.5748 -0.0112 0.0253 0.9993 -0.0251
499.0000 90.4939 17.2324 0.5558 -0.0113 0.0250 0.9993 -0.0239
500.0000 89.1018 17.1642 0.5396 -0.0109 0.0234 0.9994 -0.0225
501.0000 87.8306 17.1096 0.5215 -0.0061 0.0245 0.9995 -0.0211
502.0000 86.4089 17.0521 0.5114 -0.0041 0.0244 0.9995 -0.0197
503.0000 85.0893 17.0033 0.5084 -0.0080 0.0244 0.9995 -0.0183
504.0000 83.7556 16.9566 0.4980 -0.0114 0.0241 0.9995 -0.0171
505.0000 82.2803 16.9070 0.4767 -0.0117 0.0237 0.9995 -0.0157
506.0000 80.9264 16.8639 0.4552 -0.0107 0.0232 0.9996 -0.0145
507.0000 79.4194 16.8224 0.4339 -0.0103 0.0232 0.9996 -0.0133
508.0000 78.0316 16.7879 0.4164 -0.0105 0.0236 0.9996 -0.0123
509.0000 76.6303 16.7571 0.3983 -0.0106 0.0244 0.9996 -0.0113
510.0000 75.0750 16.7241 0.3780 -0.0115 0.0246 0.9996 -0.0103
511.0000 73.6559 16.6949 0.3599 -0.0126 0.0242 0.9996 -0.0092
512.0000 72.0929 16.6650 0.3391 -0.0142 0.0236 0.9996 -0.0081
513.0000 70.6717 16.6405 0.3208 -0.0159 0.0230 0.9996 -0.0071
514.0000 69.2546 16.6210 0.2994 -0.0164 0.0233 0.9996 -0.0063
515.0000 67.6991 16.6011 0.2741 -0.0157 0.0234 0.9996 -0.0056
516.0000 66.2857 16.5860 0.2525 -0.0153 0.0236 0.9996 -0.0050
517.0000 64.8712 16.5713 0.2312 -0.0154 0.0237 0.9996 -0.0045
518.0000 63.3149 16.5553 0.2081 -0.0159 0.0232 0.9996 -0.0041
519.0000 61.9021 16.5421 0.1863 -0.0157 0.0230 0.9996 -0.0038
520.0000 60.3510 16.5289 0.1617 -0.0144 0.0232 0.9996 -0.0035
521.0000 58.9366 16.5186 0.1412 -0.0148 0.0236 0.9996 -0.0033
522.0000 57.5192 16.5078 0.1200 -0.0169 0.0238 0.9996 -0.0033
523.0000 55.9634 16.4947 0.0911 -0.0184 0.0239 0.9995 -0.0034
524.0000 54.5543 16.4817 0.0625 -0.0182 0.0237 0.9995 -0.0037
525.0000 53.1507 16.4668 0.0340 -0.0164 0.0238 0.9996 -0.0042
526.0000 51.6088 16.4480 0.0096 -0.0146 0.0232 0.9996 -0.0046
527.0000 50.2067 16.4298 -0.0093 -0.0142 0.0232 0.9996 -0.0050
528.0000 48.6646 16.4096 -0.0288 -0.0150 0.0228 0.9996 -0.0054
529.0000 47.2630 16.3917 -0.0483 -0.0163 0.0234 0.9996 -0.0057
530.0000 45.8638 16.3712 -0.0711 -0.0181 0.0231 0.9996 -0.0060
531.0000 44.3314 16.3462 -0.0982 -0.0181 0.0223 0.9996 -0.0062
532.0000 42.9456 16.3245 -0.1225 -0.0159 0.0222 0.9996 -0.0062
533.0000 41.4220 16.3007 -0.1450 -0.0141 0.0221 0.9996 -0.0060
534.0000 40.0352 16.2817 -0.1617 -0.0144 0.0225 0.9996 -0.0057
535.0000 38.6480 16.2646 -0.1795 -0.0159 0.0231 0.9996 -0.0056
536.0000 37.1280 16.2440 -0.2000 -0.0166 0.0228 0.9996 -0.0054
537.0000 35.7511 16.2241 -0.2217 -0.0159 0.0222 0.9996 -0.0051
538.0000 34.3762 16.2035 -0.2414 -0.0156 0.0213 0.9996 -0.0048
539.0000 32.8658 16.1832 -0.2629 -0.0152 0.0209 0.9997 -0.0045
540.0000 31.4967 16.1669 -0.2825 -0.0147 0.0212 0.9997 -0.0044
541.0000 29.9915 16.1522 -0.3026 -0.0146 0.0222 0.9996 -0.0043
542.0000 28.6239 16.1406 -0.3213 -0.0153 0.0234 0.9996 -0.0042
543.0000 27.2585 16.1280 -0.3396 -0.0158 0.0237 0.9996 -0.0042
544.0000 25.7627 16.1130 -0.3618 -0.0151 0.0237 0.9996 -0.0042
545.0000 24.4060 16.0973 -0.3817 -0.0151 0.0229 0.9996 -0.0040
546.0000 23.0532 16.0802 -0.4006 -0.0152 0.0219 0.9996 -0.0038
547.0000 21.5716 16.0634 -0.4225 -0.0151 0.0214 0.9996 -0.0037
548.0000 20.2295 16.0498 -0.4405 -0.0157 0.0213 0.9996 -0.0036
549.0000 18.7607 16.0373 -0.4618 -0.0159 0.0218 0.9996 -0.0035
550.0000 17.4277 16.0277 -0.4828 -0.0163 0.0224 0.9996 -0.0034
551.0000 16.0969 16.0179 -0.5036 -0.0169 0.0226 0.9996 -0.0034
552.0000 14.6395 16.0056 -0.5269 -0.0155 0.0224 0.9996 -0.0032
553.0000 13.3195 15.9927 -0.5470 -0.0134 0.0214 0.9997 -0.0029
554.0000 11.9994 15.9757 -0.5614 -0.0123 0.0194 0.9997 -0.0029
555.0000 10.5458 15.9587 -0.5752 -0.0132 0.0177 0.9998 -0.0030
556.0000 9.2257 15.9449 -0.5905 -0.0147 0.0172 0.9997 -0.0031
557.0000 7.7777 15.9340 -0.6108 -0.0155 0.0179 0.9997 -0.0031
558.0000 6.4622 15.9286 -0.6306 -0.0167 0.0199 0.9997 -0.0033
559.0000 5.1486 15.9250 -0.6520 -0.0175 0.0222 0.9996 -0.0034
560.0000 3.7064 15.9178 -0.6791 -0.0171 0.0235 0.9996 -0.0034
561.0000 2.3950 15.9093 -0.7039 -0.0160 0.0242 0.9996 -0.0035
562.0000 0.9503 15.8953 -0.7293 -0.0146 0.0238 0.9996 -0.0033
563.0000 -0.3673 15.8798 -0.7505 -0.0144 0.0227 0.9996 -0.0032
564.0000 -1.6893 15.8655 -0.7697 -0.0146 0.0219 0.9996 -0.0031
565.0000 -3.1453 15.8512 -0.7907 -0.0144 0.0215 0.9997 -0.0030
566.0000 -4.4705 15.8399 -0.8085 -0.0135 0.0216 0.9997 -0.0029
567.0000 -5.8004 15.8287 -0.8260 -0.0132 0.0213 0.9997 -0.0028
568.0000 -7.2687 15.8169 -0.8448 -0.0135 0.0212 0.9997 -0.0028
569.0000 -8.6056 15.8041 -0.8629 -0.0134 0.0206 0.9997 -0.0028
570.0000 -10.0800 15.7894 -0.8837 -0.0135 0.0196 0.9997 -0.0025
571.0000 -11.4263 15.7756 -0.9028 -0.0148 0.0184 0.9997 -0.0024
572.0000 -12.7730 15.7623 -0.9219 -0.0150 0.0175 0.9997 -0.0023
573.0000 -14.2538 15.7491 -0.9454 -0.0133 0.0173 0.9998 -0.0021
574.0000 -15.6050 15.7368 -0.9646 -0.0128 0.0167 0.9998 -0.0022
575.0000 -16.9613 15.7263 -0.9802 -0.0134 0.0166 0.9998 -0.0023
576.0000 -18.4520 15.7137 -0.9969 -0.0123 0.0160 0.9998 -0.0024
577.0000 -19.8072 15.7022 -1.0080 -0.0104 0.0155 0.9998 -0.0025
578.0000 -21.3049 15.6895 -1.0204 -0.0100 0.0152 0.9998 -0.0026
579.0000 -22.6721 15.6801 -1.0291 -0.0111 0.0156 0.9998 -0.0027
580.0000 -24.0401 15.6727 -1.0410 -0.0114 0.0170 0.9998 -0.0030
581.0000 -25.5460 15.6645 -1.0550 -0.0110 0.0180 0.9998 -0.0032
582.0000 -26.9179 15.6531 -1.0652 -0.0112 0.0178 0.9998 -0.0035
583.0000 -28.2884 15.6405 -1.0754 -0.0102 0.0175 0.9998 -0.0034
584.0000 -29.7999 15.6241 -1.0862 -0.0104 0.0170 0.9998 -0.0035
585.0000 -31.1791 15.6114 -1.0973 -0.0126 0.0167 0.9998 -0.0037
586.0000 -32.6907 15.5998 -1.1155 -0.0128 0.0180 0.9997 -0.0041
587.0000 -34.0625 15.5908 -1.1300 -0.0121 0.0193 0.9997 -0.0045
588.0000 -35.4353 15.5811 -1.1425 -0.0123 0.0203 0.9997 -0.0048
589.0000 -36.9443 15.5678 -1.1562 -0.0130 0.0210 0.9997 -0.0050
590.0000 -38.3136 15.5566 -1.1694 -0.0132 0.0219 0.9997 -0.0051
591.0000 -39.8174 15.5432 -1.1851 -0.0134 0.0231 0.9996 -0.0052
592.0000 -41.1829 15.5304 -1.2016 -0.0141 0.0240 0.9996 -0.0054
593.0000 -42.5456 15.5176 -1.2188 -0.0147 0.0249 0.9996 -0.0054
594.0000 -44.0371 15.5040 -1.2378 -0.0129 0.0261 0.9996 -0.0055
595.0000 -45.3888 15.4914 -1.2526 -0.0104 0.0272 0.9996 -0.0056
596.0000 -46.7434 15.4776 -1.2630 -0.0099 0.0275 0.9996 -0.0057
597.0000 -48.2362 15.4613 -1.2740 -0.0114 0.0276 0.9995 -0.0057
598.0000 -49.5900 15.4451 -1.2874 -0.0119 0.0274 0.9995 -0.0057
599.0000 -51.0763 15.4279 -1.3036 -0.0114 0.0272 0.9995 -0.0056
600.0000 -52.4276 15.4122 -1.3195 -0.0112 0.0273 0.9995 -0.0056
601.0000 -53.7803 15.3963 -1.3346 -0.0120 0.0270 0.9995 -0.0056
602.0000 -55.2628 15.3797 -1.3526 -0.0109 0.0272 0.9996 -0.0053
603.0000 -56.6107 15.3640 -1.3688 -0.0103 0.0267 0.9996 -0.0049
604.0000 -57.9612 15.3496 -1.3821 -0.0110 0.0266 0.9996 -0.0043
605.0000 -59.4450 15.3373 -1.3966 -0.0110 0.0271 0.9996 -0.0040
606.0000 -60.7919 15.3272 -1.4093 -0.0103 0.0276 0.9996 -0.0035
607.0000 -62.2753 15.3170 -1.4222 -0.0102 0.0274 0.9996 -0.0031
608.0000 -63.6252 15.3062 -1.4327 -0.0107 0.0271 0.9996 -0.0027
609.0000 -64.9740 15.2958 -1.4433 -0.0110 0.0267 0.9996 -0.0023
610.0000 -66.4567 15.2840 -1.4550 -0.0112 0.0261 0.9996 -0.0019
611.0000 -67.8029 15.2757 -1.4666 -0.0112 0.0261 0.9996 -0.0016
612.0000 -69.1472 15.2697 -1.4780 -0.0113 0.0260 0.9996 -0.0014
613.0000 -70.6225 15.2649 -1.4883 -0.0109 0.0265 0.9996 -0.0014
614.0000 -71.9588 15.2605 -1.4959 -0.0095 0.0268 0.9996 -0.0015
615.0000 -73.4279 15.2537 -1.5028 -0.0093 0.0268 0.9996 -0.0017
616.0000 -74.7624 15.2474 -1.5073 -0.0099 0.0272 0.9996 -0.0019
617.0000 -76.0947 15.2411 -1.5110 -0.0108 0.0279 0.9995 -0.0023
618.0000 -77.5569 15.2324 -1.5174 -0.0120 0.0285 0.9995 -0.0028
619.0000 -78.8792 15.2229 -1.5252 -0.0118 0.0288 0.9995 -0.0034
620.0000 -80.3256 15.2074 -1.5341 -0.0099 0.0287 0.9995 -0.0038
621.0000 -81.6372 15.1925 -1.5374 -0.0086 0.0278 0.9996 -0.0039
622.0000 -82.9496 15.1769 -1.5377 -0.0092 0.0271 0.9996 -0.0040
623.0000 -84.3928 15.1615 -1.5410 -0.0117 0.0272 0.9996 -0.0040
624.0000 -85.6996 15.1491 -1.5491 -0.0130 0.0275 0.9995 -0.0040
625.0000 -86.9995 15.1367 -1.5583 -0.0129 0.0278 0.9995 -0.0040
626.0000 -88.4242 15.1231 -1.5683 -0.0121 0.0278 0.9995 -0.0038
627.0000 -89.7155 15.1090 -1.5736 -0.0112 0.0275 0.9996 -0.0034
628.0000 -91.1330 15.0939 -1.5802 -0.0107 0.0269 0.9996 -0.0029
629.0000 -92.4201 15.0802 -1.5852 -0.0111 0.0263 0.9996 -0.0024
630.0000 -93.7044 15.0690 -1.5914 -0.0120 0.0262 0.9996 -0.0021
631.0000 -95.1102 15.0582 -1.5981 -0.0113 0.0262 0.9996 -0.0017
632.0000 -96.3844 15.0492 -1.6059 -0.0108 0.0262 0.9996 -0.0014
633.0000 -97.6579 15.0418 -1.6128 -0.0114 0.0263 0.9996 -0.0011
634.0000 -99.0548 15.0337 -1.6197 -0.0121 0.0260 0.9996 -0.0007
635.0000 -100.3196 15.0281 -1.6288 -0.0120 0.0260 0.9996 -0.0002
636.0000 -101.7074 15.0227 -1.6397 -0.0122 0.0262 0.9996 0.0002
637.0000 -102.9651 15.0193 -1.6484 -0.0120 0.0262 0.9996 0.0006
638.0000 -104.2199 15.0150 -1.6577 -0.0119 0.0261 0.9996 0.0009
639.0000 -105.5962 15.0137 -1.6674 -0.0119 0.0263 0.9996 0.0013
640.0000 -106.8432 15.0117 -1.6766 -0.0117 0.0260 0.9996 0.0016
641.0000 -108.0865 15.0112 -1.6848 -0.0111 0.0259 0.9996 0.0019
642.0000 -109.4498 15.0122 -1.6929 -0.0103 0.0261 0.9996 0.0022
643.0000 -110.6879 15.0146 -1.7006 -0.0107 0.0263 0.9996 0.0024
644.0000 -112.0483 15.0164 -1.7078 -0.0123 0.0262 0.9996 0.0024
645.0000 -113.2767 15.0192 -1.7179 -0.0117 0.0266 0.9996 0.0023
646.0000 -114.5021 15.0193 -1.7277 -0.0111 0.0263 0.9996 0.0022
647.0000 -115.8472 15.0210 -1.7364 -0.0115 0.0267 0.9996 0.0022
648.0000 -117.0653 15.0227 -1.7446 -0.0117 0.0270 0.9996 0.0021
649.0000 -118.4004 15.0243 -1.7531 -0.0122 0.0272 0.9996 0.0019
650.0000 -119.6087 15.0247 -1.7611 -0.0126 0.0270 0.9996 0.0018
651.0000 -120.8102 15.0252 -1.7705 -0.0124 0.0272 0.9996 0.0017
652.0000 -122.1248 15.0244 -1.7810 -0.0124 0.0269 0.9996 0.0017
653.0000 -123.3111 15.0249 -1.7887 -0.0123 0.0270 0.9996 0.0018
654.0000 -124.4884 15.0255 -1.7964 -0.0120 0.0267 0.9996 0.0020
655.0000 -125.7753 15.0266 -1.8042 -0.0123 0.0262 0.9996 0.0027
656.0000 -126.9369 15.0288 -1.8118 -0.0128 0.0257 0.9996 0.0033
657.0000 -128.2052 15.0320 -1.8211 -0.0132 0.0250 0.9996 0.0040
658.0000 -129.3475 15.0372 -1.8298 -0.0127 0.0247 0.9996 0.0046
659.0000 -130.4793 15.0446 -1.8383 -0.0119 0.0248 0.9996 0.0052
660.0000 -131.7128 15.0544 -1.8467 -0.0117 0.0250 0.9996 0.0055
661.0000 -132.8230 15.0638 -1.8536 -0.0127 0.0255 0.9996 0.0055
662.0000 -134.0269 15.0736 -1.8610 -0.0139 0.0258 0.9996 0.0054
663.0000 -135.1033 15.0849 -1.8692 -0.0142 0.0268 0.9995 0.0054
664.0000 -136.1600 15.0975 -1.8766 -0.0138 0.0278 0.9995 0.0054
665.0000 -137.3041 15.1037 -1.8876 -0.0144 0.0269 0.9995 0.0056
666.0000 -138.3242 15.1124 -1.8949 -0.0160 0.0269 0.9995 0.0056
667.0000 -139.3197 15.1206 -1.9053 -0.0159 0.0270 0.9995 0.0062
668.0000 -140.3862 15.1294 -1.9177 -0.0151 0.0263 0.9995 0.0072
669.0000 -141.3308 15.1400 -1.9255 -0.0152 0.0261 0.9995 0.0079
670.0000 -142.3417 15.1545 -1.9330 -0.0155 0.0266 0.9995 0.0085
671.0000 -143.2321 15.1688 -1.9398 -0.0158 0.0272 0.9995 0.0088
672.0000 -144.0965 15.1820 -1.9467 -0.0158 0.0276 0.9995 0.0087
673.0000 -145.0137 15.1953 -1.9544 -0.0154 0.0286 0.9994 0.0077
674.0000 -145.8190 15.2049 -1.9608 -0.0148 0.0303 0.9994 0.0049
675.0000 -146.6740 15.2062 -1.9674 -0.0144 0.0327 0.9994 -0.0013
676.0000 -147.4265 15.1936 -1.9723 -0.0142 0.0346 0.9993 -0.0099
677.0000 -148.1540 15.1618 -1.9740 -0.0144 0.0353 0.9991 -0.0207
678.0000 -148.9279 15.1019 -1.9764 -0.0158 0.0350 0.9987 -0.0342
679.0000 -149.6033 15.0269 -1.9787 -0.0173 0.0344 0.9981 -0.0480
680.0000 -150.2479 14.9353 -1.9781 -0.0175 0.0342 0.9973 -0.0628
681.0000 -150.9243 14.8140 -1.9756 -0.0162 0.0348 0.9959 -0.0817
682.0000 -151.5100 14.6826 -1.9760 -0.0143 0.0358 0.9941 -0.1014
683.0000 -152.0701 14.5285 -1.9770 -0.0126 0.0364 0.9917 -0.1227
684.0000 -152.6554 14.3309 -1.9722 -0.0116 0.0364 0.9882 -0.1481
685.0000 -153.1611 14.1314 -1.9619 -0.0112 0.0369 0.9841 -0.1732
686.0000 -153.6872 13.8880 -1.9460 -0.0106 0.0379 0.9784 -0.2028
687.0000 -154.1428 13.6377 -1.9329 -0.0096 0.0378 0.9722 -0.2309
688.0000 -154.5769 13.3619 -1.9196 -0.0090 0.0376 0.9649 -0.2599
689.0000 -155.0285 13.0311 -1.9034 -0.0083 0.0373 0.9554 -0.2927
690.0000 -155.4129 12.7090 -1.8831 -0.0080 0.0374 0.9456 -0.3230
691.0000 -155.7684 12.3631 -1.8618 -0.0076 0.0368 0.9346 -0.3537
692.0000 -156.1274 11.9605 -1.8411 -0.0076 0.0363 0.9206 -0.3887
693.0000 -156.4208 11.5737 -1.8237 -0.0073 0.0354 0.9065 -0.4206
694.0000 -156.7043 11.1293 -1.7997 -0.0067 0.0327 0.8900 -0.4547
695.0000 -156.9277 10.7122 -1.7752 -0.0057 0.0308 0.8741 -0.4847
696.0000 -157.1227 10.2870 -1.7513 -0.0044 0.0293 0.8573 -0.5140
697.0000 -157.3048 9.8107 -1.7260 -0.0037 0.0290 0.8377 -0.5454
698.0000 -157.4419 9.3716 -1.7023 -0.0028 0.0296 0.8188 -0.5733
699.0000 -157.5442 8.9286 -1.6762 -0.0010 0.0299 0.7992 -0.6003
700.0000 -157.6203 8.4334 -1.6480 0.0009 0.0296 0.7767 -0.6291
701.0000 -157.6558 7.9772 -1.6216 0.0020 0.0278 0.7551 -0.6550
702.0000 -157.6640 7.4636 -1.5960 0.0003 0.0250 0.7302 -0.6827
703.0000 -157.6406 6.9918 -1.5768 0.0029 -0.0226 -0.7066 0.7073
704.0000 -157.5809 6.5169 -1.5555 0.0058 -0.0187 -0.6820 0.7311
705.0000 -157.4721 5.9957 -1.5318 0.0083 -0.0135 -0.6539 0.7564
706.0000 -157.3368 5.5262 -1.5121 0.0093 -0.0091 -0.6274 0.7786
707.0000 -157.1553 5.0178 -1.4997 0.0102 -0.0074 -0.5970 0.8022
708.0000 -156.9553 4.5600 -1.4948 0.0106 -0.0069 -0.5684 0.8226
709.0000 -156.7200 4.1056 -1.4930 0.0121 -0.0057 -0.5393 0.8420
710.0000 -156.4163 3.6132 -1.4925 0.0138 -0.0038 -0.5066 0.8621
711.0000 -156.1055 3.1754 -1.4900 0.0150 -0.0020 -0.4763 0.8792
712.0000 -155.7190 2.7133 -1.4838 0.0148 -0.0005 -0.4429 0.8965
713.0000 -155.3347 2.3099 -1.4798 0.0137 -0.0005 -0.4128 0.9107
714.0000 -154.9182 1.9239 -1.4805 0.0133 -0.0021 -0.3830 0.9236
715.0000 -154.4269 1.5144 -1.4830 0.0138 -0.0044 -0.3508 0.9363
716.0000 -153.9414 1.1637 -1.4820 0.0139 -0.0050 -0.3217 0.9467
717.0000 -153.3697 0.8013 -1.4765 0.0140 -0.0039 -0.2894 0.9571
718.0000 -152.8144 0.5045 -1.4721 0.0133 -0.0024 -0.2590 0.9658
719.0000 -152.2342 0.2323 -1.4680 0.0140 -0.0022 -0.2282 0.9735
720.0000 -151.5617 -0.0320 -1.4609 0.0136 -0.0012 -0.1948 0.9807
721.0000 -150.9202 -0.2405 -1.4554 0.0130 -0.0005 -0.1666 0.9859
722.0000 -150.1846 -0.4333 -1.4519 0.0100 -0.0009 -0.1385 0.9903
723.0000 -149.4875 -0.5793 -1.4503 0.0071 -0.0015 -0.1159 0.9932
724.0000 -148.6909 -0.7159 -1.4474 0.0045 -0.0017 -0.0941 0.9956
725.0000 -147.9406 -0.8269 -1.4434 0.0044 -0.0013 -0.0766 0.9971
726.0000 -147.1676 -0.9207 -1.4377 0.0044 -0.0005 -0.0603 0.9982
727.0000 -146.2920 -0.9959 -1.4309 0.0039 -0.0001 -0.0442 0.9990
728.0000 -145.4759 -1.0424 -1.4245 0.0025 -0.0001 -0.0314 0.9995
729.0000 -144.5549 -1.0717 -1.4165 -0.0001 -0.0005 -0.0198 0.9998
730.0000 -143.6983 -1.0848 -1.4104 -0.0025 -0.0011 -0.0121 0.9999
731.0000 -142.7337 -1.0895 -1.4026 -0.0051 -0.0018 -0.0071 1.0000
732.0000 -141.8373 -1.0954 -1.3942 -0.0068 -0.0017 -0.0052 1.0000
733.0000 -140.8286 -1.1075 -1.3837 -0.0072 -0.0013 -0.0047 1.0000
734.0000 -139.8923 -1.1195 -1.3757 -0.0066 -0.0008 -0.0043 1.0000
735.0000 -138.9376 -1.1322 -1.3689 -0.0063 -0.0003 -0.0037 1.0000
736.0000 -137.8689 -1.1415 -1.3627 -0.0055 -0.0004 -0.0028 1.0000
737.0000 -136.8790 -1.1455 -1.3562 -0.0057 -0.0007 -0.0017 1.0000
738.0000 -135.7698 -1.1483 -1.3480 -0.0055 -0.0002 -0.0007 1.0000
739.0000 -134.7425 -1.1505 -1.3391 -0.0055 0.0010 0.0002 1.0000
740.0000 -133.5932 -1.1525 -1.3314 -0.0047 0.0015 0.0012 1.0000
741.0000 -132.5330 -1.1530 -1.3230 -0.0045 0.0008 0.0019 1.0000
742.0000 -131.4559 -1.1498 -1.3162 -0.0041 -0.0000 0.0025 1.0000
743.0000 -130.2525 -1.1437 -1.3069 -0.0040 -0.0001 0.0032 1.0000
744.0000 -129.1424 -1.1350 -1.2979 -0.0044 -0.0001 0.0035 1.0000
745.0000 -127.9054 -1.1262 -1.2867 -0.0047 -0.0006 0.0037 1.0000
746.0000 -126.7642 -1.1190 -1.2763 -0.0047 -0.0010 0.0037 1.0000
747.0000 -125.6078 -1.1113 -1.2644 -0.0049 -0.0007 0.0034 1.0000
748.0000 -124.3190 -1.1036 -1.2505 -0.0050 -0.0004 0.0029 1.0000
749.0000 -123.1351 -1.0983 -1.2370 -0.0053 -0.0012 0.0022 1.0000
750.0000 -121.8188 -1.0962 -1.2199 -0.0054 -0.0032 0.0012 1.0000
751.0000 -120.6061 -1.0963 -1.2022 -0.0051 -0.0044 0.0003 1.0000
752.0000 -119.3761 -1.0966 -1.1823 -0.0044 -0.0047 -0.0002 1.0000
753.0000 -118.0052 -1.0988 -1.1590 -0.0037 -0.0043 -0.0001 1.0000
754.0000 -116.7459 -1.0998 -1.1357 -0.0032 -0.0042 0.0004 1.0000
755.0000 -115.3484 -1.0977 -1.1119 -0.0033 -0.0058 0.0011 1.0000
756.0000 -114.0617 -1.0907 -1.0901 -0.0033 -0.0064 0.0022 1.0000
757.0000 -112.7584 -1.0806 -1.0668 -0.0035 -0.0058 0.0037 1.0000
758.0000 -111.3094 -1.0666 -1.0404 -0.0031 -0.0049 0.0051 1.0000
759.0000 -109.9804 -1.0503 -1.0165 -0.0037 -0.0051 0.0057 1.0000
760.0000 -108.6402 -1.0330 -0.9950 -0.0035 -0.0057 0.0063 1.0000
761.0000 -107.1481 -1.0128 -0.9704 -0.0031 -0.0059 0.0070 1.0000
762.0000 -105.7782 -0.9928 -0.9468 -0.0031 -0.0067 0.0074 0.9999
763.0000 -104.2548 -0.9662 -0.9183 -0.0040 -0.0068 0.0079 0.9999
764.0000 -102.8553 -0.9432 -0.8929 -0.0038 -0.0061 0.0080 0.9999
765.0000 -101.4397 -0.9158 -0.8682 -0.0047 -0.0047 0.0079 0.9999
766.0000 -99.8684 -0.8904 -0.8431 -0.0048 -0.0036 0.0076 1.0000
767.0000 -98.4255 -0.8688 -0.8257 -0.0043 -0.0025 0.0075 1.0000
768.0000 -96.8243 -0.8451 -0.8072 -0.0046 0.0007 0.0073 1.0000
769.0000 -95.3659 -0.8237 -0.7956 -0.0048 0.0034 0.0072 1.0000
770.0000 -93.9110 -0.8021 -0.7887 -0.0051 0.0048 0.0072 0.9999
771.0000 -92.3099 -0.7772 -0.7843 -0.0060 0.0059 0.0073 0.9999
772.0000 -90.8581 -0.7576 -0.7810 -0.0058 0.0063 0.0073 0.9999
773.0000 -89.4097 -0.7394 -0.7766 -0.0055 0.0055 0.0075 0.9999
774.0000 -87.8174 -0.7207 -0.7699 -0.0051 0.0041 0.0072 1.0000
775.0000 -86.3683 -0.7042 -0.7618 -0.0049 0.0040 0.0068 1.0000
776.0000 -84.7692 -0.6875 -0.7551 -0.0049 0.0054 0.0063 1.0000
777.0000 -83.3198 -0.6758 -0.7505 -0.0041 0.0054 0.0060 1.0000
778.0000 -81.8716 -0.6646 -0.7457 -0.0040 0.0045 0.0058 1.0000
779.0000 -80.2786 -0.6519 -0.7374 -0.0038 0.0044 0.0054 1.0000
780.0000 -78.8274 -0.6423 -0.7315 -0.0036 0.0055 0.0052 1.0000
781.0000 -77.2334 -0.6330 -0.7290 -0.0031 0.0066 0.0049 1.0000
782.0000 -75.7854 -0.6252 -0.7295 -0.0028 0.0074 0.0049 1.0000
783.0000 -74.3430 -0.6166 -0.7298 -0.0026 0.0070 0.0051 1.0000
784.0000 -72.7632 -0.6045 -0.7284 -0.0028 0.0047 0.0054 1.0000
785.0000 -71.3273 -0.5881 -0.7229 -0.0043 0.0034 0.0057 1.0000
786.0000 -69.8893 -0.5738 -0.7160 -0.0049 0.0044 0.0059 1.0000
787.0000 -68.3101 -0.5572 -0.7088 -0.0056 0.0052 0.0061 1.0000
788.0000 -66.8819 -0.5475 -0.7032 -0.0041 0.0039 0.0064 1.0000
789.0000 -65.3090 -0.5349 -0.6966 -0.0035 0.0042 0.0068 1.0000
790.0000 -63.8796 -0.5228 -0.6900 -0.0031 0.0058 0.0072 1.0000
791.0000 -62.4570 -0.5088 -0.6872 -0.0026 0.0051 0.0077 1.0000
792.0000 -60.8988 -0.4904 -0.6795 -0.0024 0.0029 0.0084 1.0000
793.0000 -59.4793 -0.4720 -0.6709 -0.0021 0.0033 0.0089 1.0000
794.0000 -58.0581 -0.4494 -0.6634 -0.0021 0.0058 0.0096 0.9999
795.0000 -56.5025 -0.4237 -0.6630 -0.0019 0.0058 0.0103 0.9999
796.0000 -55.0933 -0.3972 -0.6629 -0.0022 0.0052 0.0107 0.9999
797.0000 -53.5436 -0.3644 -0.6610 -0.0028 0.0053 0.0107 0.9999
798.0000 -52.1379 -0.3348 -0.6568 -0.0034 0.0053 0.0107 0.9999
799.0000 -50.7354 -0.3071 -0.6515 -0.0035 0.0051 0.0108 0.9999
800.0000 -49.1958 -0.2788 -0.6440 -0.0033 0.0047 0.0108 0.9999
801.0000 -47.7980 -0.2528 -0.6375 -0.0030 0.0048 0.0105 0.9999
802.0000 -46.4026 -0.2289 -0.6310 -0.0025 0.0048 0.0103 0.9999
803.0000 -44.8702 -0.2047 -0.6241 -0.0017 0.0048 0.0100 0.9999
804.0000 -43.4778 -0.1829 -0.6176 -0.0014 0.0056 0.0096 0.9999
805.0000 -41.9508 -0.1588 -0.6105 -0.0015 0.0056 0.0092 0.9999
806.0000 -40.5662 -0.1371 -0.6047 -0.0017 0.0050 0.0088 0.9999
807.0000 -39.1850 -0.1163 -0.5967 -0.0020 0.0040 0.0084 1.0000
808.0000 -37.6663 -0.0933 -0.5867 -0.0026 0.0037 0.0079 1.0000
809.0000 -36.2857 -0.0734 -0.5758 -0.0036 0.0049 0.0075 1.0000
810.0000 -34.7705 -0.0549 -0.5659 -0.0040 0.0058 0.0070 1.0000
811.0000 -33.3974 -0.0396 -0.5595 -0.0041 0.0056 0.0065 1.0000
812.0000 -32.0283 -0.0275 -0.5527 -0.0043 0.0049 0.0059 1.0000
813.0000 -30.5256 -0.0177 -0.5439 -0.0037 0.0036 0.0051 1.0000
814.0000 -29.1579 -0.0088 -0.5345 -0.0038 0.0041 0.0045 1.0000
815.0000 -27.6560 -0.0003 -0.5231 -0.0041 0.0051 0.0038 1.0000
816.0000 -26.3006 0.0043 -0.5143 -0.0041 0.0028 0.0030 1.0000
817.0000 -24.9494 0.0095 -0.5005 -0.0050 0.0000 0.0024 1.0000
818.0000 -23.4630 0.0129 -0.4783 -0.0056 -0.0011 0.0018 1.0000
819.0000 -22.1138 0.0141 -0.4522 -0.0055 -0.0017 0.0013 1.0000
820.0000 -20.7668 0.0135 -0.4266 -0.0053 -0.0017 0.0009 1.0000
821.0000 -19.2866 0.0121 -0.3990 -0.0050 -0.0009 0.0008 1.0000
822.0000 -17.9444 0.0100 -0.3761 -0.0045 0.0002 0.0006 1.0000
823.0000 -16.4741 0.0069 -0.3526 -0.0039 0.0003 0.0005 1.0000
824.0000 -15.1438 0.0036 -0.3308 -0.0035 -0.0007 0.0007 1.0000
825.0000 -13.8159 0.0014 -0.3094 -0.0031 -0.0011 0.0010 1.0000
826.0000 -12.3564 0.0037 -0.2841 -0.0037 -0.0006 0.0015 1.0000
827.0000 -11.0329 0.0057 -0.2609 -0.0036 -0.0001 0.0021 1.0000
828.0000 -9.7124 0.0108 -0.2406 -0.0040 -0.0000 0.0027 1.0000
829.0000 -8.2603 0.0161 -0.2178 -0.0038 0.0006 0.0033 1.0000
830.0000 -6.9445 0.0223 -0.1976 -0.0034 -0.0003 0.0039 1.0000
831.0000 -5.4978 0.0296 -0.1762 -0.0030 -0.0012 0.0040 1.0000
832.0000 -4.1834 0.0385 -0.1524 -0.0031 -0.0015 0.0041 1.0000
833.0000 -2.8688 0.0478 -0.1283 -0.0034 -0.0014 0.0043 1.0000
834.0000 -1.4237 0.0595 -0.1002 -0.0037 -0.0009 0.0045 1.0000
835.0000 -0.1129 0.0711 -0.0780 -0.0041 -0.0013 0.0045 1.0000
836.0000 1.3289 0.0824 -0.0513 -0.0043 -0.0013 0.0047 1.0000
837.0000 2.6392 0.0925 -0.0290 -0.0044 -0.0011 0.0048 1.0000
838.0000 3.9481 0.1027 -0.0055 -0.0046 -0.0012 0.0049 1.0000
839.0000 5.3868 0.1133 0.0216 -0.0043 -0.0014 0.0050 1.0000
840.0000 6.6934 0.1234 0.0456 -0.0044 -0.0016 0.0050 1.0000
841.0000 8.0008 0.1340 0.0687 -0.0043 -0.0011 0.0051 1.0000
842.0000 9.4381 0.1487 0.0942 -0.0052 -0.0004 0.0050 1.0000
843.0000 10.7424 0.1600 0.1180 -0.0050 -0.0006 0.0050 1.0000
844.0000 12.1755 0.1717 0.1431 -0.0050 -0.0010 0.0049 1.0000
845.0000 13.4778 0.1800 0.1689 -0.0049 -0.0011 0.0049 1.0000
846.0000 14.7798 0.1887 0.1936 -0.0050 -0.0010 0.0049 1.0000
847.0000 16.2119 0.1959 0.2211 -0.0044 -0.0007 0.0049 1.0000
848.0000 17.5140 0.2039 0.2467 -0.0044 -0.0005 0.0047 1.0000
849.0000 18.8139 0.2123 0.2716 -0.0044 -0.0007 0.0047 1.0000
850.0000 20.2417 0.2208 0.2984 -0.0043 -0.0013 0.0048 1.0000
851.0000 21.5399 0.2308 0.3225 -0.0046 -0.0010 0.0050 1.0000
852.0000 22.9644 0.2414 0.3501 -0.0046 -0.0009 0.0051 1.0000
853.0000 24.2569 0.2518 0.3740 -0.0046 -0.0011 0.0054 1.0000
854.0000 25.5487 0.2629 0.3987 -0.0045 -0.0004 0.0056 1.0000
855.0000 26.9667 0.2737 0.4234 -0.0041 0.0003 0.0057 1.0000
856.0000 28.2511 0.2858 0.4441 -0.0041 -0.0000 0.0056 1.0000
857.0000 29.5316 0.2957 0.4656 -0.0036 -0.0005 0.0055 1.0000
858.0000 30.9389 0.3092 0.4896 -0.0040 -0.0007 0.0053 1.0000
859.0000 32.2150 0.3182 0.5129 -0.0037 -0.0004 0.0050 1.0000
860.0000 33.6154 0.3279 0.5379 -0.0033 -0.0001 0.0048 1.0000
861.0000 34.8841 0.3358 0.5603 -0.0032 -0.0001 0.0046 1.0000
862.0000 36.1499 0.3419 0.5820 -0.0025 -0.0001 0.0044 1.0000
863.0000 37.5396 0.3490 0.6057 -0.0021 0.0004 0.0043 1.0000
864.0000 38.8005 0.3570 0.6258 -0.0018 0.0010 0.0045 1.0000
865.0000 40.1826 0.3672 0.6473 -0.0018 0.0011 0.0051 1.0000
866.0000 41.4349 0.3779 0.6662 -0.0020 0.0010 0.0056 1.0000
867.0000 42.6863 0.3957 0.6846 -0.0033 0.0015 0.0061 1.0000
868.0000 44.0616 0.4136 0.7017 -0.0036 0.0032 0.0065 1.0000
869.0000 45.3099 0.4322 0.7134 -0.0040 0.0050 0.0069 1.0000
870.0000 46.5553 0.4495 0.7210 -0.0042 0.0066 0.0073 0.9999
871.0000 47.9195 0.4700 0.7262 -0.0043 0.0075 0.0079 0.9999
872.0000 49.1541 0.4880 0.7265 -0.0034 0.0064 0.0083 0.9999
873.0000 50.5093 0.5141 0.7293 -0.0041 0.0054 0.0088 0.9999
874.0000 51.7400 0.5375 0.7341 -0.0044 0.0051 0.0093 0.9999
875.0000 52.9685 0.5619 0.7407 -0.0048 0.0051 0.0099 0.9999
876.0000 54.3161 0.5912 0.7472 -0.0050 0.0045 0.0104 0.9999
877.0000 55.5406 0.6182 0.7534 -0.0051 0.0049 0.0109 0.9999
878.0000 56.7625 0.6459 0.7604 -0.0050 0.0053 0.0114 0.9999
879.0000 58.1018 0.6770 0.7674 -0.0051 0.0052 0.0119 0.9999
880.0000 59.3167 0.7076 0.7730 -0.0053 0.0050 0.0122 0.9999
881.0000 60.6496 0.7391 0.7804 -0.0049 0.0049 0.0124 0.9999
882.0000 61.8583 0.7680 0.7867 -0.0042 0.0044 0.0128 0.9999
883.0000 63.0652 0.7972 0.7937 -0.0038 0.0045 0.0132 0.9999
884.0000 64.3910 0.8311 0.8032 -0.0038 0.0053 0.0136 0.9999
885.0000 65.5902 0.8633 0.8119 -0.0040 0.0049 0.0138 0.9999
886.0000 66.7856 0.8974 0.8198 -0.0048 0.0040 0.0140 0.9999
887.0000 68.0994 0.9372 0.8311 -0.0061 0.0041 0.0140 0.9999
888.0000 69.2907 0.9727 0.8411 -0.0073 0.0041 0.0138 0.9999
889.0000 70.5968 1.0108 0.8507 -0.0083 0.0043 0.0133 0.9999
890.0000 71.7793 1.0413 0.8597 -0.0084 0.0052 0.0124 0.9999
891.0000 72.9513 1.0700 0.8680 -0.0089 0.0059 0.0115 0.9999
892.0000 74.2243 1.0929 0.8778 -0.0078 0.0057 0.0108 0.9999
893.0000 75.3602 1.1083 0.8868 -0.0062 0.0034 0.0099 0.9999
894.0000 76.4834 1.1277 0.8968 -0.0069 0.0035 0.0089 0.9999
895.0000 77.7029 1.1450 0.9109 -0.0069 0.0063 0.0074 0.9999
896.0000 78.7865 1.1570 0.9199 -0.0073 0.0066 0.0059 0.9999
897.0000 79.9585 1.1661 0.9278 -0.0074 0.0047 0.0040 1.0000
898.0000 81.0164 1.1683 0.9383 -0.0070 0.0022 0.0025 1.0000
899.0000 82.0715 1.1656 0.9516 -0.0061 -0.0006 0.0011 1.0000
900.0000 83.2334 1.1589 0.9683 -0.0052 -0.0016 -0.0002 1.0000
901.0000 84.2914 1.1512 0.9851 -0.0045 -0.0005 -0.0010 1.0000
902.0000 85.4511 1.1451 1.0004 -0.0047 0.0007 -0.0017 1.0000
903.0000 86.4980 1.1399 1.0133 -0.0048 0.0003 -0.0021 1.0000
904.0000 87.5393 1.1317 1.0266 -0.0048 -0.0009 -0.0026 1.0000
905.0000 88.6820 1.1231 1.0448 -0.0050 -0.0012 -0.0031 1.0000
906.0000 89.7197 1.1129 1.0639 -0.0049 -0.0003 -0.0033 1.0000
907.0000 90.7530 1.1016 1.0809 -0.0043 0.0005 -0.0033 1.0000
908.0000 91.8851 1.0901 1.0958 -0.0037 0.0010 -0.0031 1.0000
909.0000 92.9110 1.0797 1.1100 -0.0028 0.0014 -0.0024 1.0000
910.0000 94.0349 1.0694 1.1251 -0.0016 0.0014 -0.0009 1.0000
911.0000 95.0504 1.0635 1.1384 -0.0006 0.0004 0.0009 1.0000
912.0000 96.0639 1.0641 1.1516 -0.0004 -0.0013 0.0027 1.0000
913.0000 97.1821 1.0722 1.1669 -0.0008 -0.0033 0.0047 1.0000
914.0000 98.2046 1.0843 1.1857 -0.0012 -0.0039 0.0068 1.0000
915.0000 99.3369 1.1034 1.2062 -0.0014 -0.0032 0.0096 0.9999
916.0000 100.3705 1.1267 1.2247 -0.0017 -0.0024 0.0126 0.9999
917.0000 101.4069 1.1564 1.2435 -0.0016 -0.0019 0.0160 0.9999
918.0000 102.5525 1.1983 1.2631 -0.0019 -0.0017 0.0199 0.9998
919.0000 103.6002 1.2454 1.2798 -0.0028 -0.0012 0.0229 0.9997
920.0000 104.6536 1.2998 1.2956 -0.0044 -0.0006 0.0250 0.9997
921.0000 105.8154 1.3637 1.3132 -0.0066 -0.0008 0.0258 0.9996
922.0000 106.8772 1.4218 1.3278 -0.0088 -0.0013 0.0250 0.9996
923.0000 108.0515 1.4807 1.3444 -0.0109 -0.0018 0.0228 0.9997
924.0000 109.1277 1.5274 1.3593 -0.0120 -0.0016 0.0201 0.9997
925.0000 110.2114 1.5669 1.3731 -0.0129 -0.0009 0.0169 0.9998
926.0000 111.4102 1.5992 1.3888 -0.0134 -0.0006 0.0127 0.9998
927.0000 112.5044 1.6197 1.4019 -0.0140 -0.0010 0.0082 0.9999
928.0000 113.7159 1.6297 1.4163 -0.0143 -0.0015 0.0030 0.9999
929.0000 114.8246 1.6272 1.4303 -0.0140 -0.0016 -0.0015 0.9999
930.0000 115.9396 1.6123 1.4468 -0.0136 -0.0021 -0.0061 0.9999
931.0000 117.1731 1.5834 1.4649 -0.0125 -0.0025 -0.0110 0.9999
932.0000 118.3033 1.5476 1.4820 -0.0121 -0.0023 -0.0150 0.9998
933.0000 119.5554 1.5005 1.5003 -0.0118 -0.0018 -0.0187 0.9998
934.0000 120.7016 1.4495 1.5176 -0.0118 -0.0013 -0.0216 0.9997
935.0000 121.8557 1.3942 1.5332 -0.0125 -0.0010 -0.0242 0.9996
936.0000 123.1342 1.3299 1.5506 -0.0139 -0.0006 -0.0266 0.9995
937.0000 124.3051 1.2670 1.5648 -0.0152 -0.0005 -0.0285 0.9995
938.0000 125.6043 1.1870 1.5786 -0.0150 0.0003 -0.0301 0.9994
939.0000 126.7941 1.1120 1.5929 -0.0150 0.0005 -0.0308 0.9994
940.0000 127.9875 1.0326 1.6066 -0.0140 -0.0019 -0.0309 0.9994
941.0000 129.3168 0.9410 1.6220 -0.0116 -0.0024 -0.0304 0.9995
942.0000 130.5395 0.8597 1.6395 -0.0097 -0.0008 -0.0294 0.9995
943.0000 131.8954 0.7726 1.6536 -0.0073 -0.0001 -0.0275 0.9996
944.0000 133.1397 0.6981 1.6642 -0.0051 0.0010 -0.0252 0.9997
945.0000 134.3930 0.6291 1.6768 -0.0028 0.0013 -0.0221 0.9998
946.0000 135.7808 0.5633 1.6877 -0.0007 0.0005 -0.0185 0.9998
947.0000 137.0557 0.5130 1.6980 0.0005 0.0005 -0.0154 0.9999
948.0000 138.3419 0.4726 1.7090 0.0009 0.0009 -0.0123 0.9999
949.0000 139.7680 0.4378 1.7218 0.0007 0.0015 -0.0094 1.0000
950.0000 141.0766 0.4171 1.7313 -0.0001 0.0025 -0.0068 1.0000
951.0000 142.5236 0.4027 1.7406 -0.0006 0.0019 -0.0040 1.0000
952.0000 143.8472 0.3957 1.7475 -0.0011 0.0005 -0.0015 1.0000
953.0000 145.1806 0.3948 1.7590 -0.0016 -0.0005 0.0009 1.0000
954.0000 146.6549 0.3975 1.7781 -0.0017 -0.0028 0.0028 1.0000
955.0000 148.0042 0.4055 1.7983 -0.0023 -0.0046 0.0039 1.0000
956.0000 149.3648 0.4160 1.8233 -0.0027 -0.0050 0.0047 1.0000
957.0000 150.8718 0.4294 1.8537 -0.0029 -0.0047 0.0055 1.0000
958.0000 152.2493 0.4425 1.8819 -0.0032 -0.0042 0.0062 1.0000
959.0000 153.7720 0.4603 1.9116 -0.0035 -0.0033 0.0070 1.0000
960.0000 155.1596 0.4772 1.9376 -0.0036 -0.0027 0.0077 1.0000
961.0000 156.5489 0.4973 1.9625 -0.0039 -0.0020 0.0086 1.0000
962.0000 158.0790 0.5199 1.9901 -0.0037 -0.0009 0.0095 0.9999
963.0000 159.4684 0.5452 2.0121 -0.0041 -0.0002 0.0104 0.9999
964.0000 160.9930 0.5746 2.0368 -0.0044 -0.0006 0.0113 0.9999
965.0000 162.3775 0.6053 2.0589 -0.0050 -0.0011 0.0119 0.9999
966.0000 163.7621 0.6369 2.0835 -0.0053 -0.0014 0.0123 0.9999
967.0000 165.2845 0.6732 2.1104 -0.0058 -0.0023 0.0124 0.9999
968.0000 166.6686 0.7060 2.1359 -0.0063 -0.0024 0.0123 0.9999
969.0000 168.0533 0.7375 2.1619 -0.0065 -0.0014 0.0122 0.9999
970.0000 169.5734 0.7725 2.1891 -0.0065 -0.0006 0.0119 0.9999
971.0000 170.9516 0.8027 2.2130 -0.0066 -0.0004 0.0116 0.9999
972.0000 172.4648 0.8365 2.2393 -0.0072 -0.0003 0.0112 0.9999
973.0000 173.8370 0.8649 2.2638 -0.0075 -0.0007 0.0107 0.9999
974.0000 175.2077 0.8926 2.2885 -0.0079 -0.0008 0.0102 0.9999
975.0000 176.7116 0.9195 2.3169 -0.0078 -0.0013 0.0094 0.9999
976.0000 178.0743 0.9410 2.3416 -0.0072 -0.0022 0.0088 0.9999
977.0000 179.4353 0.9596 2.3680 -0.0060 -0.0021 0.0081 0.9999
978.0000 180.9328 0.9789 2.3973 -0.0053 -0.0007 0.0074 1.0000
979.0000 182.2929 0.9954 2.4216 -0.0049 0.0014 0.0067 1.0000
980.0000 183.7785 1.0140 2.4409 -0.0054 0.0009 0.0058 1.0000
981.0000 185.1232 1.0297 2.4582 -0.0061 -0.0005 0.0051 1.0000
982.0000 186.4666 1.0427 2.4816 -0.0061 -0.0012 0.0045 1.0000
983.0000 187.9423 1.0540 2.5096 -0.0060 -0.0012 0.0038 1.0000
984.0000 189.2826 1.0627 2.5343 -0.0057 -0.0002 0.0035 1.0000
985.0000 190.6197 1.0688 2.5570 -0.0049 0.0008 0.0033 1.0000
986.0000 192.0841 1.0757 2.5804 -0.0042 0.0005 0.0033 1.0000
987.0000 193.4107 1.0816 2.6008 -0.0034 -0.0004 0.0035 1.0000
988.0000 194.8660 1.0897 2.6257 -0.0034 -0.0011 0.0036 1.0000
989.0000 196.1864 1.0974 2.6502 -0.0032 -0.0015 0.0037 1.0000
990.0000 197.5051 1.1057 2.6763 -0.0035 -0.0008 0.0038 1.0000
991.0000 198.9517 1.1147 2.7030 -0.0036 -0.0001 0.0039 1.0000
992.0000 200.2620 1.1232 2.7254 -0.0037 0.0001 0.0040 1.0000
993.0000 201.5691 1.1302 2.7477 -0.0038 0.0003 0.0040 1.0000
994.0000 203.0021 1.1383 2.7732 -0.0042 0.0003 0.0040 1.0000
995.0000 204.3003 1.1444 2.7953 -0.0043 -0.0000 0.0041 1.0000
996.0000 205.7245 1.1511 2.8207 -0.0041 -0.0003 0.0042 1.0000
997.0000 207.0156 1.1558 2.8447 -0.0039 -0.0006 0.0043 1.0000
998.0000 208.3052 1.1625 2.8674 -0.0039 -0.0003 0.0043 1.0000
999.0000 209.7191 1.1703 2.8931 -0.0041 0.0001 0.0044 1.0000
1000.0000 210.9975 1.1778 2.9152 -0.0039 -0.0001 0.0045 1.0000
1001.0000 212.3940 1.1868 2.9385 -0.0038 0.0001 0.0049 1.0000
1002.0000 213.6473 1.1928 2.9609 -0.0032 0.0007 0.0053 1.0000
1003.0000 214.8826 1.2007 2.9836 -0.0032 0.0017 0.0061 1.0000
1004.0000 216.2174 1.2089 3.0071 -0.0027 0.0029 0.0069 1.0000
1005.0000 217.4081 1.2204 3.0276 -0.0030 0.0041 0.0076 1.0000
1006.0000 218.5722 1.2333 3.0472 -0.0035 0.0041 0.0083 1.0000
1007.0000 219.8235 1.2486 3.0659 -0.0035 0.0036 0.0091 0.9999
1008.0000 220.9355 1.2612 3.0865 -0.0033 0.0038 0.0102 0.9999
1009.0000 222.1274 1.2802 3.1093 -0.0032 0.0037 0.0119 0.9999
1010.0000 223.1819 1.2996 3.1282 -0.0028 0.0034 0.0138 0.9999
1011.0000 224.2079 1.3248 3.1473 -0.0032 0.0032 0.0155 0.9999
1012.0000 225.3037 1.3554 3.1694 -0.0036 0.0031 0.0170 0.9998
1013.0000 226.2678 1.3864 3.1893 -0.0047 0.0032 0.0180 0.9998
1014.0000 227.2036 1.4157 3.2075 -0.0047 0.0038 0.0187 0.9998
1015.0000 228.1971 1.4466 3.2277 -0.0047 0.0047 0.0194 0.9998
1016.0000 229.0684 1.4761 3.2442 -0.0046 0.0049 0.0201 0.9998
1017.0000 229.9903 1.5095 3.2605 -0.0047 0.0049 0.0210 0.9998
1018.0000 230.7980 1.5390 3.2738 -0.0044 0.0046 0.0219 0.9997
1019.0000 231.5759 1.5708 3.2878 -0.0050 0.0039 0.0228 0.9997
1020.0000 232.4070 1.6068 3.3048 -0.0058 0.0025 0.0231 0.9997
1021.0000 233.1521 1.6389 3.3193 -0.0066 0.0006 0.0225 0.9997
1022.0000 233.9688 1.6714 3.3357 -0.0074 -0.0011 0.0206 0.9998
1023.0000 234.7105 1.6955 3.3504 -0.0073 -0.0016 0.0182 0.9998
1024.0000 235.4517 1.7127 3.3645 -0.0066 -0.0013 0.0162 0.9998
1025.0000 236.2646 1.7278 3.3794 -0.0057 -0.0006 0.0140 0.9999
1026.0000 237.0004 1.7417 3.3922 -0.0051 -0.0001 0.0119 0.9999
1027.0000 237.8056 1.7583 3.4063 -0.0051 0.0000 0.0095 0.9999
1028.0000 238.5337 1.7683 3.4191 -0.0050 -0.0000 0.0073 1.0000
1029.0000 239.2593 1.7756 3.4304 -0.0050 -0.0000 0.0053 1.0000
1030.0000 240.0541 1.7825 3.4424 -0.0050 0.0002 0.0033 1.0000
1031.0000 240.7744 1.7877 3.4525 -0.0050 0.0007 0.0016 1.0000
1032.0000 241.5637 1.7937 3.4613 -0.0051 0.0014 -0.0001 1.0000
1033.0000 242.2772 1.7955 3.4699 -0.0047 0.0016 -0.0010 1.0000
1034.0000 242.9867 1.7985 3.4776 -0.0045 0.0011 -0.0015 1.0000
1035.0000 243.7660 1.7985 3.4873 -0.0046 -0.0003 -0.0020 1.0000
1036.0000 244.4777 1.8023 3.4939 -0.0050 -0.0021 -0.0023 1.0000
1037.0000 245.2675 1.8019 3.5045 -0.0050 -0.0033 -0.0026 1.0000
1038.0000 245.9921 1.8021 3.5161 -0.0046 -0.0033 -0.0023 1.0000
1039.0000 246.7205 1.8011 3.5289 -0.0043 -0.0031 -0.0021 1.0000
1040.0000 247.5263 1.8034 3.5414 -0.0049 -0.0030 -0.0017 1.0000
1041.0000 248.2611 1.8044 3.5542 -0.0050 -0.0037 -0.0015 1.0000
1042.0000 249.0729 1.8041 3.5686 -0.0041 -0.0050 -0.0017 1.0000
1043.0000 249.8160 1.7993 3.5814 -0.0028 -0.0058 -0.0021 1.0000
1044.0000 250.5680 1.7951 3.5927 -0.0022 -0.0048 -0.0027 1.0000
1045.0000 251.4057 1.7987 3.6064 -0.0043 -0.0017 -0.0031 1.0000
1046.0000 252.1715 1.7958 3.6202 -0.0044 0.0012 -0.0038 1.0000
1047.0000 253.0125 1.7854 3.6299 -0.0034 0.0009 -0.0048 1.0000
1048.0000 253.7756 1.7777 3.6369 -0.0036 -0.0019 -0.0064 1.0000
1049.0000 254.5450 1.7706 3.6443 -0.0044 -0.0044 -0.0079 0.9999
1050.0000 255.4009 1.7587 3.6585 -0.0053 -0.0047 -0.0091 0.9999
1051.0000 256.1865 1.7437 3.6753 -0.0052 -0.0040 -0.0102 0.9999
1052.0000 257.0571 1.7209 3.6929 -0.0040 -0.0027 -0.0113 0.9999
1053.0000 257.8527 1.6967 3.7053 -0.0023 -0.0020 -0.0121 0.9999
1054.0000 258.6522 1.6751 3.7180 -0.0020 -0.0023 -0.0131 0.9999
1055.0000 259.5372 1.6535 3.7331 -0.0030 -0.0036 -0.0141 0.9999
1056.0000 260.3487 1.6305 3.7462 -0.0037 -0.0052 -0.0148 0.9999
1057.0000 261.2522 1.6015 3.7611 -0.0038 -0.0061 -0.0157 0.9999
1058.0000 262.0857 1.5745 3.7777 -0.0043 -0.0054 -0.0166 0.9998
1059.0000 262.9277 1.5472 3.7962 -0.0048 -0.0044 -0.0177 0.9998
1060.0000 263.8623 1.5138 3.8154 -0.0050 -0.0041 -0.0184 0.9998
1061.0000 264.7197 1.4810 3.8317 -0.0050 -0.0044 -0.0186 0.9998
1062.0000 265.6730 1.4401 3.8508 -0.0039 -0.0045 -0.0187 0.9998
1063.0000 266.5486 1.4024 3.8692 -0.0032 -0.0040 -0.0187 0.9998
1064.0000 267.4301 1.3638 3.8888 -0.0027 -0.0039 -0.0189 0.9998
1065.0000 268.4085 1.3249 3.9096 -0.0023 -0.0036 -0.0189 0.9998
1066.0000 269.3039 1.2904 3.9276 -0.0021 -0.0032 -0.0188 0.9998
1067.0000 270.2940 1.2540 3.9474 -0.0023 -0.0022 -0.0186 0.9998
1068.0000 271.1954 1.2214 3.9673 -0.0022 -0.0019 -0.0182 0.9998
1069.0000 272.0958 1.1907 3.9861 -0.0022 -0.0020 -0.0174 0.9998
1070.0000 273.0846 1.1609 4.0049 -0.0024 -0.0026 -0.0162 0.9999
1071.0000 273.9834 1.1380 4.0227 -0.0031 -0.0029 -0.0149 0.9999
1072.0000 274.9721 1.1165 4.0437 -0.0039 -0.0030 -0.0135 0.9999
1073.0000 275.8706 1.0994 4.0624 -0.0045 -0.0027 -0.0122 0.9999
1074.0000 276.7684 1.0847 4.0813 -0.0050 -0.0021 -0.0109 0.9999
1075.0000 277.7542 1.0705 4.1019 -0.0050 -0.0010 -0.0096 0.9999
1076.0000 278.6470 1.0585 4.1195 -0.0051 -0.0004 -0.0085 1.0000
1077.0000 279.6249 1.0485 4.1369 -0.0052 -0.0000 -0.0074 1.0000
1078.0000 280.5108 1.0403 4.1516 -0.0054 0.0001 -0.0065 1.0000
1079.0000 281.3950 1.0323 4.1659 -0.0049 0.0001 -0.0057 1.0000
1080.0000 282.3634 1.0249 4.1823 -0.0048 -0.0002 -0.0050 1.0000
1081.0000 283.2389 1.0208 4.1967 -0.0048 -0.0003 -0.0043 1.0000
1082.0000 284.1049 1.0188 4.2115 -0.0052 0.0000 -0.0036 1.0000
1083.0000 285.0398 1.0171 4.2287 -0.0051 0.0006 -0.0029 1.0000
1084.0000 285.8686 1.0177 4.2451 -0.0057 0.0004 -0.0024 1.0000
1085.0000 286.7587 1.0219 4.2628 -0.0070 -0.0007 -0.0021 1.0000
1086.0000 287.5570 1.0243 4.2786 -0.0082 -0.0022 -0.0020 1.0000
1087.0000 288.4319 1.0248 4.2972 -0.0091 -0.0033 -0.0020 1.0000
1088.0000 289.2252 1.0257 4.3159 -0.0099 -0.0036 -0.0022 0.9999
1089.0000 290.0170 1.0260 4.3333 -0.0109 -0.0039 -0.0024 0.9999
1090.0000 290.8838 1.0241 4.3525 -0.0115 -0.0043 -0.0029 0.9999
1091.0000 291.6672 1.0218 4.3728 -0.0125 -0.0048 -0.0036 0.9999
1092.0000 292.5259 1.0167 4.3969 -0.0131 -0.0049 -0.0045 0.9999
1093.0000 293.3042 1.0110 4.4178 -0.0136 -0.0043 -0.0050 0.9999
1094.0000 294.0803 1.0029 4.4391 -0.0134 -0.0034 -0.0055 0.9999
1095.0000 294.9304 0.9940 4.4615 -0.0127 -0.0022 -0.0054 0.9999
1096.0000 295.7001 0.9856 4.4801 -0.0121 -0.0012 -0.0048 0.9999
1097.0000 296.4670 0.9798 4.4967 -0.0118 -0.0005 -0.0040 0.9999
1098.0000 297.3104 0.9739 4.5129 -0.0113 -0.0000 -0.0032 0.9999
1099.0000 298.0778 0.9688 4.5257 -0.0107 0.0005 -0.0026 0.9999
1100.0000 298.9247 0.9638 4.5379 -0.0098 0.0008 -0.0015 1.0000
