0.0000 -0.0000 0.0000 -0.0000 0.0000 0.0000 0.0000 1.0000
1.0000 0.0881 0.0022 0.0015 -0.0002 0.0001 0.0031 1.0000
2.0000 0.1878 0.0054 0.0033 -0.0005 0.0000 0.0068 1.0000
3.0000 0.2819 0.0100 0.0049 -0.0006 -0.0003 0.0104 0.9999
4.0000 0.3815 0.0175 0.0038 -0.0009 -0.0010 0.0148 0.9999
5.0000 0.5021 0.0283 0.0031 -0.0010 -0.0020 0.0208 0.9998
6.0000 0.6240 0.0402 0.0028 -0.0010 -0.0025 0.0272 0.9996
7.0000 0.7724 0.0585 0.0030 -0.0009 -0.0026 0.0358 0.9994
8.0000 0.9195 0.0775 0.0035 -0.0003 -0.0026 0.0448 0.9990
9.0000 1.0768 0.1017 0.0041 0.0004 -0.0027 0.0544 0.9985
10.0000 1.2575 0.1363 0.0076 0.0004 -0.0029 0.0662 0.9978
11.0000 1.4264 0.1774 0.0128 -0.0012 -0.0037 0.0780 0.9969
12.0000 1.5993 0.2275 0.0197 -0.0034 -0.0049 0.0903 0.9959
13.0000 1.7972 0.2903 0.0273 -0.0053 -0.0056 0.1047 0.9945
14.0000 1.9828 0.3525 0.0301 -0.0057 -0.0060 0.1192 0.9928
15.0000 2.1915 0.4329 0.0325 -0.0066 -0.0060 0.1359 0.9907
16.0000 2.3831 0.5164 0.0354 -0.0077 -0.0059 0.1518 0.9884
17.0000 2.5768 0.6060 0.0376 -0.0086 -0.0058 0.1687 0.9856
18.0000 2.7861 0.7163 0.0398 -0.0101 -0.0062 0.1874 0.9822
19.0000 2.9751 0.8297 0.0369 -0.0117 -0.0065 0.2044 0.9788
20.0000 3.1649 0.9480 0.0327 -0.0122 -0.0066 0.2224 0.9749
21.0000 3.3745 1.0823 0.0282 -0.0102 -0.0070 0.2435 0.9698
22.0000 3.5645 1.2133 0.0274 -0.0077 -0.0070 0.2636 0.9646
23.0000 3.7681 1.3827 0.0313 -0.0082 -0.0060 0.2875 0.9577
24.0000 3.9454 1.5595 0.0370 -0.0113 -0.0051 0.3107 0.9504
25.0000 4.1187 1.7463 0.0404 -0.0130 -0.0052 0.3347 0.9422
26.0000 4.3085 1.9633 0.0434 -0.0131 -0.0054 0.3619 0.9321
27.0000 4.4822 2.1693 0.0440 -0.0105 -0.0044 0.3873 0.9219
28.0000 4.6493 2.3942 0.0447 -0.0082 -0.0037 0.4129 0.9107
29.0000 4.8215 2.6634 0.0466 -0.0074 -0.0025 0.4405 0.8977
30.0000 4.9689 2.9276 0.0474 -0.0071 -0.0012 0.4658 0.8848
31.0000 5.1052 3.2070 0.0469 -0.0068 -0.0004 0.4914 0.8709
32.0000 5.2405 3.5356 0.0457 -0.0071 0.0005 0.5189 0.8548
33.0000 5.3512 3.8546 0.0424 -0.0074 0.0015 0.5435 0.8394
34.0000 5.4567 4.2266 0.0399 -0.0080 0.0022 0.5698 0.8217
35.0000 5.5407 4.5826 0.0399 -0.0083 0.0040 0.5927 0.8054
36.0000 5.6157 4.9516 0.0412 -0.0079 0.0060 0.6142 0.7891
37.0000 5.6776 5.3744 0.0402 -0.0072 0.0068 0.6359 0.7717
38.0000 5.7120 5.7759 0.0367 -0.0082 0.0061 0.6537 0.7567
39.0000 5.7341 6.2357 0.0294 -0.0091 0.0049 0.6707 0.7417
40.0000 5.7432 6.6672 0.0209 -0.0092 0.0037 0.6843 0.7292
41.0000 5.7424 7.1125 0.0139 -0.0082 0.0028 0.6964 0.7176
42.0000 5.7317 7.6162 0.0100 -0.0071 0.0019 0.7083 0.7059
43.0000 5.7069 8.0903 0.0062 -0.0068 0.0009 0.7174 0.6966
44.0000 5.6698 8.6279 -0.0005 -0.0061 -0.0002 0.7251 0.6886
45.0000 5.6311 9.1331 -0.0080 -0.0056 -0.0006 0.7305 0.6829
46.0000 5.5861 9.6534 -0.0122 -0.0053 -0.0002 0.7349 0.6782
47.0000 5.5292 10.2408 -0.0112 -0.0064 -0.0000 0.7384 0.6743
48.0000 5.4702 10.7900 -0.0089 -0.0078 -0.0003 0.7406 0.6719
49.0000 5.4070 11.4098 -0.0130 -0.0082 0.0000 0.7422 0.6701
50.0000 5.3504 11.9892 -0.0201 -0.0073 0.0009 0.7428 0.6695
51.0000 5.2849 12.6442 -0.0256 -0.0073 0.0023 0.7425 0.6698
52.0000 5.2219 13.2561 -0.0260 -0.0086 0.0030 0.7420 0.6703
53.0000 5.1569 13.8786 -0.0281 -0.0096 0.0024 0.7414 0.6710
54.0000 5.0838 14.5769 -0.0354 -0.0092 0.0008 0.7408 0.6716
55.0000 5.0199 15.2291 -0.0446 -0.0092 0.0006 0.7404 0.6721
56.0000 4.9501 15.9667 -0.0555 -0.0099 0.0016 0.7399 0.6727
57.0000 4.8847 16.6526 -0.0626 -0.0115 0.0024 0.7393 0.6733
58.0000 4.8135 17.4222 -0.0694 -0.0131 0.0031 0.7386 0.6740
59.0000 4.7495 18.1323 -0.0816 -0.0131 0.0024 0.7380 0.6747
60.0000 4.6845 18.8535 -0.0968 -0.0128 0.0006 0.7374 0.6753
61.0000 4.6136 19.6630 -0.1110 -0.0130 -0.0001 0.7368 0.6760
62.0000 4.5558 20.4166 -0.1231 -0.0129 0.0015 0.7363 0.6765
63.0000 4.4918 21.2529 -0.1339 -0.0128 0.0032 0.7359 0.6770
64.0000 4.4311 22.0219 -0.1441 -0.0134 0.0042 0.7354 0.6775
65.0000 4.3697 22.7912 -0.1537 -0.0120 0.0028 0.7352 0.6777
66.0000 4.3057 23.6429 -0.1624 -0.0086 0.0007 0.7351 0.6780
67.0000 4.2499 24.4296 -0.1718 -0.0056 0.0003 0.7351 0.6780
68.0000 4.1850 25.3078 -0.1773 -0.0050 0.0007 0.7352 0.6778
69.0000 4.1192 26.1196 -0.1775 -0.0084 0.0032 0.7352 0.6778
70.0000 4.0519 26.9340 -0.1813 -0.0112 0.0051 0.7352 0.6777
71.0000 3.9737 27.8304 -0.1899 -0.0142 0.0064 0.7353 0.6775
72.0000 3.9016 28.6416 -0.1985 -0.0152 0.0061 0.7354 0.6774
73.0000 3.8247 29.5295 -0.2106 -0.0140 0.0048 0.7356 0.6773
74.0000 3.7566 30.3353 -0.2237 -0.0128 0.0038 0.7357 0.6771
75.0000 3.6866 31.1449 -0.2354 -0.0137 0.0037 0.7357 0.6771
76.0000 3.6104 32.0354 -0.2431 -0.0152 0.0042 0.7356 0.6772
77.0000 3.5396 32.8421 -0.2517 -0.0151 0.0036 0.7356 0.6772
78.0000 3.4645 33.7221 -0.2634 -0.0134 0.0015 0.7355 0.6774
79.0000 3.3977 34.5226 -0.2718 -0.0122 -0.0004 0.7354 0.6775
80.0000 3.3319 35.3269 -0.2758 -0.0124 -0.0003 0.7353 0.6777
81.0000 3.2618 36.2143 -0.2758 -0.0131 0.0011 0.7350 0.6780
82.0000 3.1978 37.0222 -0.2797 -0.0145 0.0027 0.7348 0.6781
83.0000 3.1272 37.9120 -0.2882 -0.0164 0.0050 0.7346 0.6783
84.0000 3.0629 38.7174 -0.2972 -0.0178 0.0062 0.7346 0.6782
85.0000 3.0003 39.5181 -0.3087 -0.0175 0.0062 0.7345 0.6783
86.0000 2.9306 40.3949 -0.3254 -0.0161 0.0049 0.7345 0.6784
87.0000 2.8659 41.1893 -0.3370 -0.0146 0.0032 0.7344 0.6786
88.0000 2.7897 42.0648 -0.3480 -0.0151 0.0008 0.7342 0.6787
89.0000 2.7210 42.8601 -0.3581 -0.0155 -0.0010 0.7344 0.6786
90.0000 2.6585 43.6544 -0.3629 -0.0146 -0.0011 0.7346 0.6783
91.0000 2.5946 44.5240 -0.3688 -0.0118 -0.0010 0.7351 0.6779
92.0000 2.5350 45.3136 -0.3749 -0.0095 -0.0003 0.7353 0.6776
93.0000 2.4648 46.1853 -0.3771 -0.0105 0.0012 0.7359 0.6770
94.0000 2.4004 46.9783 -0.3778 -0.0122 0.0040 0.7365 0.6763
95.0000 2.3365 47.7657 -0.3806 -0.0130 0.0061 0.7371 0.6757
96.0000 2.2642 48.6220 -0.3863 -0.0122 0.0059 0.7377 0.6750
97.0000 2.1892 49.3934 -0.3908 -0.0124 0.0036 0.7380 0.6747
98.0000 2.1125 50.1609 -0.3965 -0.0124 0.0009 0.7384 0.6742
99.0000 2.0252 51.0028 -0.4040 -0.0134 -0.0013 0.7388 0.6738
100.0000 1.9480 51.7687 -0.4058 -0.0147 -0.0016 0.7391 0.6734
101.0000 1.8685 52.6077 -0.4084 -0.0152 -0.0009 0.7394 0.6731
102.0000 1.7937 53.3640 -0.4117 -0.0157 -0.0017 0.7397 0.6727
103.0000 1.7195 54.1168 -0.4123 -0.0160 -0.0021 0.7399 0.6725
104.0000 1.6428 54.9410 -0.4159 -0.0161 -0.0010 0.7401 0.6723
105.0000 1.5732 55.6881 -0.4177 -0.0165 0.0002 0.7402 0.6722
106.0000 1.4920 56.5059 -0.4222 -0.0185 0.0016 0.7402 0.6722
107.0000 1.4203 57.2414 -0.4282 -0.0193 0.0024 0.7403 0.6720
108.0000 1.3512 57.9685 -0.4364 -0.0192 0.0025 0.7405 0.6717
109.0000 1.2755 58.7596 -0.4436 -0.0182 0.0021 0.7407 0.6716
110.0000 1.2055 59.4660 -0.4486 -0.0168 0.0010 0.7408 0.6715
111.0000 1.1293 60.2323 -0.4528 -0.0159 -0.0000 0.7408 0.6716
112.0000 1.0625 60.9141 -0.4549 -0.0152 -0.0010 0.7404 0.6720
113.0000 0.9970 61.5830 -0.4549 -0.0156 -0.0020 0.7396 0.6728
114.0000 0.9314 62.3027 -0.4528 -0.0164 -0.0019 0.7382 0.6744
115.0000 0.8800 62.9411 -0.4516 -0.0164 -0.0012 0.7363 0.6764
116.0000 0.8298 63.6280 -0.4496 -0.0168 -0.0003 0.7338 0.6792
117.0000 0.7877 64.2379 -0.4484 -0.0175 -0.0001 0.7309 0.6822
118.0000 0.7515 64.8329 -0.4485 -0.0188 -0.0002 0.7270 0.6864
119.0000 0.7230 65.4698 -0.4513 -0.0204 -0.0007 0.7216 0.6920
120.0000 0.7107 66.0293 -0.4545 -0.0213 -0.0007 0.7155 0.6983
121.0000 0.7143 66.6225 -0.4571 -0.0218 -0.0007 0.7074 0.7065
122.0000 0.7352 67.1395 -0.4584 -0.0217 -0.0003 0.6988 0.7150
123.0000 0.7814 67.6823 -0.4595 -0.0206 0.0003 0.6878 0.7256
124.0000 0.8396 68.1530 -0.4589 -0.0200 0.0009 0.6760 0.7367
125.0000 0.9125 68.6046 -0.4592 -0.0196 0.0014 0.6626 0.7487
126.0000 1.0118 69.0837 -0.4582 -0.0191 0.0016 0.6464 0.7627
127.0000 1.1229 69.5091 -0.4579 -0.0188 0.0027 0.6297 0.7766
128.0000 1.2702 69.9621 -0.4556 -0.0172 0.0038 0.6094 0.7926
129.0000 1.4326 70.3564 -0.4544 -0.0133 0.0053 0.5897 0.8075
130.0000 1.6330 70.7751 -0.4553 -0.0096 0.0061 0.5666 0.8239
131.0000 1.8353 71.1434 -0.4611 -0.0064 0.0068 0.5443 0.8388
132.0000 2.0729 71.5399 -0.4678 -0.0060 0.0071 0.5191 0.8547
133.0000 2.3079 71.8863 -0.4716 -0.0053 0.0078 0.4964 0.8680
134.0000 2.5654 72.2142 -0.4747 -0.0024 0.0101 0.4742 0.8804
135.0000 2.8731 72.5490 -0.4758 0.0029 0.0138 0.4493 0.8933
136.0000 3.1541 72.8407 -0.4758 0.0048 0.0132 0.4260 0.9046
137.0000 3.4708 73.1514 -0.4786 0.0049 0.0094 0.3996 0.9166
138.0000 3.7770 73.4215 -0.4853 0.0058 0.0038 0.3744 0.9272
139.0000 4.1412 73.7105 -0.4917 0.0054 -0.0013 0.3455 0.9384
140.0000 4.5027 73.9618 -0.4918 0.0052 -0.0028 0.3186 0.9479
141.0000 4.8918 74.1980 -0.4922 0.0057 -0.0036 0.2916 0.9565
142.0000 5.3447 74.4474 -0.4905 0.0047 -0.0052 0.2619 0.9651
143.0000 5.7849 74.6606 -0.4827 0.0038 -0.0043 0.2363 0.9717
144.0000 6.2943 74.8842 -0.4773 0.0007 -0.0043 0.2108 0.9775
145.0000 6.7766 75.0743 -0.4771 -0.0018 -0.0055 0.1893 0.9819
146.0000 7.2857 75.2525 -0.4736 -0.0040 -0.0053 0.1705 0.9853
147.0000 7.8710 75.4334 -0.4643 -0.0046 -0.0039 0.1535 0.9881
148.0000 8.4243 75.5869 -0.4568 -0.0040 -0.0029 0.1412 0.9900
149.0000 9.0520 75.7476 -0.4526 -0.0038 -0.0017 0.1296 0.9916
150.0000 9.6413 75.8907 -0.4467 -0.0050 -0.0003 0.1205 0.9927
151.0000 10.2437 76.0312 -0.4418 -0.0069 -0.0000 0.1128 0.9936
152.0000 10.9255 76.1789 -0.4363 -0.0092 0.0009 0.1054 0.9944
153.0000 11.5613 76.2983 -0.4353 -0.0084 0.0009 0.0989 0.9951
154.0000 12.2117 76.4110 -0.4354 -0.0084 0.0009 0.0922 0.9957
155.0000 12.9459 76.5308 -0.4360 -0.0086 0.0013 0.0843 0.9964
156.0000 13.6294 76.6311 -0.4342 -0.0093 0.0016 0.0773 0.9970
157.0000 14.3924 76.7338 -0.4282 -0.0095 0.0003 0.0704 0.9975
158.0000 15.0970 76.8205 -0.4230 -0.0103 -0.0018 0.0649 0.9978
159.0000 15.8114 76.8992 -0.4211 -0.0091 -0.0051 0.0601 0.9981
160.0000 16.6154 76.9814 -0.4168 -0.0089 -0.0056 0.0557 0.9984
161.0000 17.3598 77.0572 -0.4060 -0.0096 -0.0024 0.0524 0.9986
162.0000 18.1076 77.1351 -0.3922 -0.0117 0.0015 0.0499 0.9987
163.0000 18.9276 77.2125 -0.3828 -0.0122 0.0043 0.0476 0.9988
164.0000 19.6661 77.2748 -0.3787 -0.0113 0.0034 0.0460 0.9989
165.0000 20.4796 77.3433 -0.3741 -0.0114 0.0029 0.0442 0.9990
166.0000 21.2224 77.4017 -0.3702 -0.0106 0.0039 0.0428 0.9990
167.0000 21.9663 77.4564 -0.3659 -0.0096 0.0054 0.0417 0.9991
168.0000 22.7821 77.5108 -0.3588 -0.0084 0.0065 0.0400 0.9991
169.0000 23.5175 77.5571 -0.3516 -0.0081 0.0051 0.0386 0.9992
170.0000 24.2493 77.6090 -0.3502 -0.0095 0.0014 0.0376 0.9992
171.0000 25.0534 77.6687 -0.3423 -0.0099 -0.0026 0.0367 0.9993
172.0000 25.7845 77.7212 -0.3344 -0.0103 -0.0051 0.0361 0.9993
173.0000 26.5949 77.7803 -0.3209 -0.0112 -0.0040 0.0351 0.9993
174.0000 27.3261 77.8401 -0.3018 -0.0126 -0.0023 0.0340 0.9993
175.0000 28.0569 77.8977 -0.2834 -0.0144 0.0004 0.0330 0.9994
176.0000 28.8549 77.9508 -0.2709 -0.0133 0.0014 0.0318 0.9994
177.0000 29.5775 77.9924 -0.2592 -0.0118 0.0013 0.0312 0.9994
178.0000 30.3726 78.0386 -0.2458 -0.0109 0.0015 0.0308 0.9995
179.0000 31.0975 78.0815 -0.2361 -0.0109 0.0008 0.0302 0.9995
180.0000 31.8253 78.1210 -0.2248 -0.0099 -0.0003 0.0299 0.9995
181.0000 32.6343 78.1667 -0.2109 -0.0091 0.0001 0.0295 0.9995
182.0000 33.3720 78.2163 -0.2005 -0.0106 0.0003 0.0291 0.9995
183.0000 34.1134 78.2641 -0.1901 -0.0105 -0.0002 0.0291 0.9995
184.0000 34.9365 78.3179 -0.1739 -0.0106 -0.0002 0.0300 0.9995
185.0000 35.6920 78.3639 -0.1639 -0.0093 0.0001 0.0310 0.9995
186.0000 36.5261 78.4225 -0.1512 -0.0099 -0.0002 0.0326 0.9994
187.0000 37.2917 78.4820 -0.1374 -0.0118 -0.0001 0.0341 0.9993
188.0000 38.0558 78.5419 -0.1264 -0.0126 -0.0022 0.0353 0.9993
189.0000 38.9015 78.6073 -0.1152 -0.0126 -0.0047 0.0367 0.9992
190.0000 39.6832 78.6650 -0.1091 -0.0121 -0.0052 0.0376 0.9992
191.0000 40.5515 78.7325 -0.0947 -0.0125 -0.0046 0.0388 0.9992
192.0000 41.3493 78.7947 -0.0812 -0.0122 -0.0039 0.0398 0.9991
193.0000 42.1540 78.8537 -0.0738 -0.0112 -0.0034 0.0408 0.9991
194.0000 43.0480 78.9247 -0.0637 -0.0109 -0.0014 0.0413 0.9991
195.0000 43.8664 78.9914 -0.0508 -0.0106 0.0008 0.0418 0.9991
196.0000 44.6903 79.0580 -0.0400 -0.0105 0.0023 0.0416 0.9991
197.0000 45.5984 79.1368 -0.0314 -0.0123 0.0021 0.0405 0.9991
198.0000 46.4268 79.2052 -0.0253 -0.0124 0.0016 0.0396 0.9991
199.0000 47.3415 79.2737 -0.0166 -0.0112 0.0004 0.0388 0.9992
200.0000 48.1772 79.3302 -0.0073 -0.0092 -0.0004 0.0380 0.9992
201.0000 49.0154 79.3900 0.0005 -0.0086 -0.0005 0.0371 0.9993
202.0000 49.9439 79.4572 0.0151 -0.0076 0.0008 0.0365 0.9993
203.0000 50.7882 79.5132 0.0264 -0.0060 0.0022 0.0362 0.9993
204.0000 51.7123 79.5789 0.0366 -0.0055 0.0024 0.0357 0.9993
205.0000 52.5460 79.6424 0.0450 -0.0064 0.0012 0.0352 0.9994
206.0000 53.3733 79.7076 0.0541 -0.0078 -0.0017 0.0349 0.9994
207.0000 54.2802 79.7768 0.0689 -0.0088 -0.0045 0.0343 0.9994
208.0000 55.1000 79.8424 0.0887 -0.0112 -0.0078 0.0340 0.9993
209.0000 56.0034 79.9073 0.1120 -0.0114 -0.0081 0.0334 0.9993
210.0000 56.8252 79.9634 0.1320 -0.0097 -0.0057 0.0334 0.9994
211.0000 57.6492 80.0218 0.1545 -0.0093 -0.0004 0.0336 0.9994
212.0000 58.5496 80.0901 0.1772 -0.0098 0.0042 0.0343 0.9994
213.0000 59.3528 80.1434 0.1878 -0.0079 0.0023 0.0355 0.9993
214.0000 60.2324 80.2020 0.1986 -0.0049 0.0007 0.0367 0.9993
215.0000 61.0308 80.2614 0.2121 -0.0047 0.0003 0.0380 0.9993
216.0000 61.8224 80.3271 0.2274 -0.0053 -0.0010 0.0392 0.9992
217.0000 62.6875 80.4041 0.2446 -0.0064 -0.0028 0.0410 0.9991
218.0000 63.4714 80.4696 0.2606 -0.0067 -0.0046 0.0429 0.9990
219.0000 64.3271 80.5467 0.2841 -0.0075 -0.0069 0.0446 0.9990
220.0000 65.1067 80.6234 0.3080 -0.0101 -0.0066 0.0461 0.9989
221.0000 65.8834 80.6990 0.3282 -0.0114 -0.0061 0.0478 0.9988
222.0000 66.7373 80.7866 0.3536 -0.0131 -0.0034 0.0499 0.9987
223.0000 67.5115 80.8693 0.3721 -0.0134 -0.0001 0.0518 0.9986
224.0000 68.3550 80.9607 0.3876 -0.0130 0.0016 0.0545 0.9984
225.0000 69.1164 81.0493 0.3988 -0.0127 0.0018 0.0576 0.9983
226.0000 69.8764 81.1392 0.4081 -0.0113 0.0036 0.0606 0.9981
227.0000 70.7037 81.2469 0.4178 -0.0115 0.0036 0.0640 0.9979
228.0000 71.4469 81.3598 0.4262 -0.0137 0.0031 0.0669 0.9977
229.0000 72.1846 81.4733 0.4327 -0.0148 0.0012 0.0696 0.9975
230.0000 72.9933 81.5966 0.4407 -0.0144 -0.0004 0.0728 0.9972
231.0000 73.7271 81.7157 0.4502 -0.0153 -0.0008 0.0754 0.9970
232.0000 74.5311 81.8589 0.4628 -0.0161 0.0011 0.0779 0.9968
233.0000 75.2610 81.9878 0.4740 -0.0163 0.0033 0.0808 0.9966
234.0000 75.9844 82.1192 0.4894 -0.0161 0.0047 0.0839 0.9963
235.0000 76.7714 82.2637 0.4964 -0.0151 0.0029 0.0876 0.9960
236.0000 77.4804 82.4005 0.5005 -0.0140 -0.0009 0.0916 0.9957
237.0000 78.2622 82.5566 0.5132 -0.0127 -0.0020 0.0965 0.9953
238.0000 78.9743 82.7101 0.5315 -0.0129 -0.0002 0.1017 0.9947
239.0000 79.6854 82.8690 0.5405 -0.0121 0.0019 0.1072 0.9942
240.0000 80.4667 83.0572 0.5532 -0.0128 0.0061 0.1136 0.9934
241.0000 81.1707 83.2283 0.5602 -0.0129 0.0084 0.1191 0.9928
242.0000 81.9289 83.4256 0.5654 -0.0148 0.0056 0.1253 0.9920
243.0000 82.6079 83.6111 0.5669 -0.0147 0.0006 0.1312 0.9913
244.0000 83.2925 83.7990 0.5640 -0.0140 -0.0019 0.1372 0.9904
245.0000 84.0583 84.0143 0.5637 -0.0127 0.0003 0.1440 0.9895
246.0000 84.7547 84.2274 0.5715 -0.0130 0.0042 0.1497 0.9886
247.0000 85.4492 84.4481 0.5763 -0.0133 0.0071 0.1555 0.9877
248.0000 86.2024 84.6941 0.5751 -0.0113 0.0063 0.1624 0.9866
249.0000 86.8819 84.9268 0.5738 -0.0106 0.0039 0.1683 0.9857
250.0000 87.6243 85.1931 0.5770 -0.0095 0.0010 0.1732 0.9848
251.0000 88.2996 85.4368 0.5802 -0.0077 -0.0023 0.1771 0.9842
252.0000 88.9768 85.6916 0.5858 -0.0076 -0.0033 0.1808 0.9835
253.0000 89.7188 85.9883 0.5988 -0.0104 -0.0039 0.1851 0.9827
254.0000 90.3906 86.2632 0.6000 -0.0108 -0.0027 0.1891 0.9819
255.0000 91.1350 86.5671 0.5931 -0.0102 0.0003 0.1936 0.9810
256.0000 91.8138 86.8505 0.5906 -0.0097 0.0041 0.1971 0.9803
257.0000 92.4867 87.1534 0.5936 -0.0141 0.0073 0.2002 0.9796
258.0000 93.2122 87.4957 0.5840 -0.0187 0.0056 0.2033 0.9789
259.0000 93.8699 87.7956 0.5720 -0.0178 0.0014 0.2063 0.9783
260.0000 94.5998 88.1203 0.5612 -0.0143 -0.0020 0.2091 0.9778
261.0000 95.2671 88.4268 0.5599 -0.0145 -0.0029 0.2111 0.9774
262.0000 95.9402 88.7476 0.5631 -0.0174 -0.0008 0.2133 0.9768
263.0000 96.6834 89.0962 0.5701 -0.0184 0.0014 0.2163 0.9762
264.0000 97.3547 89.4110 0.5732 -0.0168 0.0015 0.2191 0.9756
265.0000 98.0823 89.7648 0.5751 -0.0163 -0.0021 0.2217 0.9750
266.0000 98.7417 90.0903 0.5739 -0.0156 -0.0056 0.2241 0.9744
267.0000 99.4030 90.4229 0.5794 -0.0160 -0.0068 0.2266 0.9738
268.0000 100.1339 90.7968 0.5907 -0.0175 -0.0046 0.2289 0.9733
269.0000 100.7944 91.1366 0.6002 -0.0180 -0.0037 0.2311 0.9728
270.0000 101.5189 91.5077 0.6083 -0.0184 -0.0034 0.2337 0.9721
271.0000 102.1717 91.8477 0.6152 -0.0177 -0.0034 0.2361 0.9716
272.0000 102.8204 92.1876 0.6216 -0.0167 -0.0037 0.2382 0.9711
273.0000 103.5311 92.5687 0.6286 -0.0165 -0.0032 0.2407 0.9705
274.0000 104.1700 92.9198 0.6348 -0.0169 -0.0033 0.2428 0.9699
275.0000 104.8685 93.3058 0.6412 -0.0174 -0.0032 0.2454 0.9693
276.0000 105.4941 93.6538 0.6490 -0.0163 -0.0050 0.2477 0.9687
277.0000 106.1134 94.0037 0.6577 -0.0153 -0.0070 0.2500 0.9681
278.0000 106.7911 94.3898 0.6656 -0.0147 -0.0085 0.2523 0.9675
279.0000 107.4070 94.7473 0.6722 -0.0150 -0.0070 0.2541 0.9670
280.0000 108.0207 95.1045 0.6821 -0.0161 -0.0029 0.2558 0.9666
281.0000 108.6887 95.4919 0.6922 -0.0160 0.0023 0.2574 0.9662
282.0000 109.2828 95.8355 0.6971 -0.0151 0.0053 0.2589 0.9658
283.0000 109.9189 96.2040 0.6953 -0.0132 0.0055 0.2606 0.9653
284.0000 110.4779 96.5355 0.6947 -0.0127 0.0037 0.2623 0.9649
285.0000 111.0239 96.8635 0.6940 -0.0121 0.0025 0.2638 0.9645
286.0000 111.6089 97.2183 0.6925 -0.0114 0.0020 0.2653 0.9641
287.0000 112.1274 97.5280 0.6925 -0.0104 0.0019 0.2665 0.9638
288.0000 112.6790 97.8617 0.6964 -0.0105 0.0026 0.2678 0.9634
289.0000 113.1624 98.1566 0.6997 -0.0103 0.0035 0.2689 0.9631
290.0000 113.6268 98.4377 0.6999 -0.0096 0.0039 0.2701 0.9628
291.0000 114.1153 98.7339 0.7008 -0.0083 0.0043 0.2714 0.9624
292.0000 114.5370 98.9945 0.7015 -0.0079 0.0040 0.2724 0.9621
293.0000 114.9757 99.2751 0.7084 -0.0086 0.0021 0.2736 0.9618
294.0000 115.3573 99.5180 0.7140 -0.0080 0.0002 0.2749 0.9614
295.0000 115.7254 99.7506 0.7154 -0.0063 -0.0005 0.2768 0.9609
296.0000 116.1148 99.9991 0.7150 -0.0039 0.0003 0.2793 0.9602
297.0000 116.4480 100.2223 0.7172 -0.0039 0.0009 0.2821 0.9594
298.0000 116.7617 100.4433 0.7212 -0.0056 0.0014 0.2852 0.9585
299.0000 117.0877 100.6798 0.7275 -0.0084 0.0027 0.2884 0.9575
300.0000 117.3713 100.8856 0.7315 -0.0104 0.0057 0.2915 0.9565
301.0000 117.6638 101.0947 0.7336 -0.0107 0.0079 0.2956 0.9552
302.0000 117.9136 101.2720 0.7339 -0.0091 0.0090 0.2999 0.9539
303.0000 118.1487 101.4420 0.7350 -0.0075 0.0098 0.3051 0.9522
304.0000 118.3889 101.6262 0.7359 -0.0063 0.0108 0.3123 0.9499
305.0000 118.5883 101.7925 0.7379 -0.0063 0.0113 0.3198 0.9474
306.0000 118.7879 101.9750 0.7397 -0.0073 0.0107 0.3294 0.9441
307.0000 118.9579 102.1327 0.7443 -0.0071 0.0098 0.3391 0.9407
308.0000 119.1126 102.2860 0.7468 -0.0066 0.0071 0.3492 0.9370
309.0000 119.2714 102.4507 0.7466 -0.0055 0.0045 0.3602 0.9329
310.0000 119.4045 102.6050 0.7441 -0.0064 0.0018 0.3700 0.9290
311.0000 119.5295 102.7692 0.7408 -0.0093 -0.0007 0.3797 0.9251
312.0000 119.6699 102.9490 0.7406 -0.0110 -0.0015 0.3911 0.9203
313.0000 119.8012 103.1122 0.7368 -0.0098 -0.0005 0.4021 0.9155
314.0000 119.9282 103.2764 0.7337 -0.0087 0.0005 0.4135 0.9104
315.0000 120.0566 103.4651 0.7305 -0.0090 0.0016 0.4270 0.9042
316.0000 120.1627 103.6445 0.7266 -0.0113 0.0020 0.4399 0.8980
317.0000 120.2760 103.8429 0.7245 -0.0131 0.0029 0.4540 0.8909
318.0000 120.3735 104.0234 0.7240 -0.0144 0.0035 0.4670 0.8841
319.0000 120.4618 104.2087 0.7231 -0.0161 0.0034 0.4798 0.8772
320.0000 120.5504 104.4165 0.7236 -0.0189 0.0034 0.4938 0.8693
321.0000 120.6261 104.6077 0.7243 -0.0207 0.0038 0.5069 0.8618
322.0000 120.7022 104.7992 0.7268 -0.0205 0.0040 0.5204 0.8537
323.0000 120.7822 105.0252 0.7270 -0.0197 0.0026 0.5362 0.8438
324.0000 120.8510 105.2508 0.7231 -0.0184 0.0008 0.5512 0.8342
325.0000 120.9231 105.5228 0.7174 -0.0177 -0.0001 0.5692 0.8220
326.0000 120.9841 105.7889 0.7113 -0.0173 -0.0003 0.5862 0.8100
327.0000 121.0382 106.0693 0.7068 -0.0168 -0.0007 0.6035 0.7972
328.0000 121.0863 106.3971 0.6975 -0.0155 -0.0014 0.6235 0.7817
329.0000 121.1164 106.7107 0.6898 -0.0147 -0.0018 0.6420 0.7666
330.0000 121.1307 107.0403 0.6819 -0.0146 -0.0018 0.6603 0.7508
331.0000 121.1316 107.4145 0.6768 -0.0148 -0.0009 0.6807 0.7324
332.0000 121.1187 107.7665 0.6741 -0.0146 0.0010 0.6991 0.7148
333.0000 121.0852 108.1641 0.6722 -0.0141 0.0031 0.7191 0.6947
334.0000 121.0333 108.5374 0.6694 -0.0135 0.0049 0.7368 0.6759
335.0000 120.9608 108.9205 0.6660 -0.0130 0.0064 0.7539 0.6568
336.0000 120.8579 109.3464 0.6626 -0.0129 0.0076 0.7718 0.6357
337.0000 120.7429 109.7465 0.6561 -0.0122 0.0088 0.7871 0.6166
338.0000 120.6084 110.1551 0.6499 -0.0109 0.0106 0.8018 0.5973
339.0000 120.4307 110.6189 0.6408 -0.0094 0.0125 0.8172 0.5761
340.0000 120.2421 111.0477 0.6320 -0.0082 0.0142 0.8303 0.5571
341.0000 120.0061 111.5256 0.6218 -0.0072 0.0156 0.8436 0.5366
342.0000 119.7629 111.9652 0.6116 -0.0065 0.0163 0.8547 0.5187
343.0000 119.4907 112.4148 0.5993 -0.0063 0.0166 0.8645 0.5024
344.0000 119.1652 112.9128 0.5855 -0.0062 0.0163 0.8733 0.4869
345.0000 118.8454 113.3748 0.5725 -0.0064 0.0154 0.8797 0.4752
346.0000 118.4768 113.8873 0.5641 -0.0062 0.0142 0.8852 0.4650
347.0000 118.1230 114.3669 0.5550 -0.0066 0.0137 0.8890 0.4576
348.0000 117.7203 114.9082 0.5451 -0.0067 0.0141 0.8924 0.4510
349.0000 117.3387 115.4126 0.5351 -0.0068 0.0146 0.8950 0.4457
350.0000 116.9423 115.9261 0.5251 -0.0069 0.0153 0.8972 0.4414
351.0000 116.4887 116.4970 0.5128 -0.0073 0.0151 0.8990 0.4375
352.0000 116.0642 117.0256 0.5002 -0.0076 0.0149 0.9006 0.4344
353.0000 115.5845 117.6189 0.4863 -0.0076 0.0151 0.9019 0.4317
354.0000 115.1367 118.1710 0.4726 -0.0076 0.0156 0.9028 0.4298
355.0000 114.6785 118.7297 0.4582 -0.0076 0.0162 0.9034 0.4284
356.0000 114.1606 119.3588 0.4414 -0.0075 0.0164 0.9038 0.4277
357.0000 113.6806 119.9397 0.4272 -0.0072 0.0164 0.9040 0.4272
358.0000 113.1403 120.5949 0.4101 -0.0067 0.0164 0.9042 0.4267
359.0000 112.6392 121.2010 0.3936 -0.0061 0.0164 0.9044 0.4264
360.0000 112.0739 121.8804 0.3742 -0.0064 0.0166 0.9046 0.4259
361.0000 111.5478 122.4982 0.3548 -0.0077 0.0166 0.9049 0.4253
362.0000 111.0121 123.1291 0.3373 -0.0090 0.0166 0.9052 0.4246
363.0000 110.4170 123.8291 0.3164 -0.0090 0.0167 0.9055 0.4239
364.0000 109.8704 124.4756 0.2958 -0.0078 0.0166 0.9058 0.4233
365.0000 109.2604 125.1964 0.2723 -0.0069 0.0167 0.9061 0.4228
366.0000 108.6974 125.8665 0.2532 -0.0062 0.0176 0.9063 0.4222
367.0000 108.1265 126.5462 0.2354 -0.0057 0.0187 0.9065 0.4217
368.0000 107.4879 127.2976 0.2175 -0.0045 0.0181 0.9069 0.4210
369.0000 106.9012 127.9881 0.2030 -0.0028 0.0172 0.9072 0.4204
370.0000 106.2482 128.7551 0.1925 -0.0012 0.0155 0.9074 0.4199
371.0000 105.6427 129.4612 0.1859 -0.0015 0.0142 0.9074 0.4200
372.0000 105.0319 130.1765 0.1824 -0.0024 0.0139 0.9074 0.4200
373.0000 104.3556 130.9726 0.1767 -0.0040 0.0142 0.9074 0.4200
374.0000 103.7438 131.6988 0.1706 -0.0050 0.0152 0.9074 0.4199
375.0000 103.0743 132.5017 0.1615 -0.0056 0.0163 0.9074 0.4198
376.0000 102.4644 133.2309 0.1535 -0.0059 0.0168 0.9075 0.4197
377.0000 101.8522 133.9591 0.1445 -0.0060 0.0171 0.9075 0.4197
378.0000 101.1763 134.7586 0.1336 -0.0064 0.0164 0.9075 0.4196
379.0000 100.5614 135.4896 0.1253 -0.0069 0.0166 0.9075 0.4196
380.0000 99.8852 136.2967 0.1175 -0.0077 0.0167 0.9076 0.4195
381.0000 99.2705 137.0288 0.1083 -0.0081 0.0170 0.9076 0.4194
382.0000 98.6551 137.7598 0.0972 -0.0080 0.0171 0.9077 0.4192
383.0000 97.9764 138.5660 0.0816 -0.0073 0.0173 0.9079 0.4188
384.0000 97.3622 139.3007 0.0724 -0.0070 0.0174 0.9081 0.4184
385.0000 96.7469 140.0358 0.0646 -0.0070 0.0177 0.9082 0.4180
386.0000 96.0690 140.8367 0.0545 -0.0070 0.0174 0.9085 0.4175
387.0000 95.4524 141.5650 0.0463 -0.0069 0.0170 0.9086 0.4172
388.0000 94.7743 142.3609 0.0358 -0.0065 0.0164 0.9088 0.4169
389.0000 94.1573 143.0931 0.0300 -0.0066 0.0160 0.9087 0.4170
390.0000 93.5379 143.8206 0.0236 -0.0076 0.0147 0.9087 0.4171
391.0000 92.8588 144.6217 0.0168 -0.0080 0.0140 0.9085 0.4176
392.0000 92.2454 145.3473 0.0101 -0.0076 0.0133 0.9082 0.4182
393.0000 91.5713 146.1475 0.0035 -0.0071 0.0120 0.9078 0.4191
394.0000 90.9627 146.8778 -0.0010 -0.0068 0.0124 0.9074 0.4199
395.0000 90.3535 147.6109 -0.0060 -0.0075 0.0133 0.9072 0.4205
396.0000 89.6837 148.4226 -0.0165 -0.0094 0.0158 0.9068 0.4212
397.0000 89.0756 149.1606 -0.0282 -0.0118 0.0185 0.9065 0.4216
398.0000 88.4070 149.9683 -0.0434 -0.0128 0.0192 0.9064 0.4219
399.0000 87.8035 150.6950 -0.0630 -0.0107 0.0183 0.9063 0.4220
400.0000 87.1996 151.4224 -0.0821 -0.0085 0.0172 0.9064 0.4221
401.0000 86.5325 152.2234 -0.0997 -0.0083 0.0173 0.9063 0.4221
402.0000 85.9234 152.9543 -0.1112 -0.0099 0.0176 0.9063 0.4221
403.0000 85.3187 153.6817 -0.1247 -0.0107 0.0184 0.9064 0.4220
404.0000 84.6585 154.4781 -0.1410 -0.0095 0.0186 0.9065 0.4216
405.0000 84.0579 155.1980 -0.1570 -0.0086 0.0184 0.9067 0.4213
406.0000 83.3942 155.9900 -0.1735 -0.0092 0.0184 0.9069 0.4209
407.0000 82.7905 156.7097 -0.1883 -0.0109 0.0194 0.9070 0.4206
408.0000 82.1885 157.4283 -0.2057 -0.0126 0.0204 0.9071 0.4202
409.0000 81.5309 158.2144 -0.2270 -0.0123 0.0211 0.9073 0.4198
410.0000 80.9354 158.9218 -0.2468 -0.0115 0.0213 0.9074 0.4195
411.0000 80.3401 159.6196 -0.2649 -0.0105 0.0212 0.9076 0.4192
412.0000 79.6843 160.3856 -0.2841 -0.0103 0.0199 0.9076 0.4193
413.0000 79.0879 161.0803 -0.2990 -0.0107 0.0187 0.9074 0.4198
414.0000 78.4362 161.8454 -0.3161 -0.0108 0.0179 0.9072 0.4201
415.0000 77.8450 162.5391 -0.3315 -0.0112 0.0172 0.9071 0.4205
416.0000 77.2566 163.2317 -0.3466 -0.0116 0.0166 0.9069 0.4208
417.0000 76.6142 163.9934 -0.3638 -0.0117 0.0170 0.9067 0.4212
418.0000 76.0330 164.6849 -0.3794 -0.0112 0.0164 0.9067 0.4214
419.0000 75.3951 165.4430 -0.3967 -0.0109 0.0158 0.9065 0.4218
420.0000 74.8191 166.1345 -0.4115 -0.0106 0.0162 0.9064 0.4220
421.0000 74.2467 166.8270 -0.4254 -0.0106 0.0178 0.9062 0.4224
422.0000 73.6188 167.5846 -0.4398 -0.0108 0.0184 0.9061 0.4225
423.0000 73.0555 168.2711 -0.4516 -0.0096 0.0179 0.9061 0.4227
424.0000 72.5002 168.9584 -0.4653 -0.0075 0.0177 0.9060 0.4229
425.0000 71.8903 169.7042 -0.4805 -0.0063 0.0178 0.9058 0.4233
426.0000 71.3438 170.3787 -0.4798 -0.0075 0.0165 0.9056 0.4237
427.0000 70.7486 171.1113 -0.4806 -0.0083 0.0164 0.9056 0.4238
428.0000 70.2188 171.7716 -0.4809 -0.0083 0.0164 0.9056 0.4237
429.0000 69.6944 172.4198 -0.4835 -0.0079 0.0163 0.9057 0.4236
430.0000 69.1269 173.1234 -0.4863 -0.0077 0.0165 0.9056 0.4237
431.0000 68.6172 173.7512 -0.4893 -0.0078 0.0162 0.9057 0.4236
432.0000 68.0629 174.4324 -0.4912 -0.0081 0.0158 0.9057 0.4236
433.0000 67.5663 175.0425 -0.4949 -0.0082 0.0158 0.9057 0.4235
434.0000 67.0760 175.6465 -0.4997 -0.0084 0.0161 0.9058 0.4234
435.0000 66.5433 176.3034 -0.5052 -0.0093 0.0166 0.9058 0.4233
436.0000 66.0643 176.8924 -0.5108 -0.0102 0.0173 0.9058 0.4232
437.0000 65.5877 177.4659 -0.5150 -0.0108 0.0182 0.9058 0.4231
438.0000 65.0677 178.0780 -0.5193 -0.0110 0.0191 0.9059 0.4230
439.0000 64.6024 178.6203 -0.5228 -0.0109 0.0201 0.9059 0.4228
440.0000 64.1028 179.2086 -0.5290 -0.0107 0.0207 0.9060 0.4226
441.0000 63.6483 179.7263 -0.5324 -0.0110 0.0205 0.9062 0.4221
442.0000 63.2097 180.2361 -0.5387 -0.0106 0.0213 0.9064 0.4217
443.0000 62.7351 180.7838 -0.5442 -0.0096 0.0218 0.9070 0.4205
444.0000 62.3126 181.2740 -0.5494 -0.0085 0.0228 0.9079 0.4185
445.0000 61.8501 181.7998 -0.5547 -0.0075 0.0240 0.9094 0.4152
446.0000 61.4341 182.2655 -0.5612 -0.0068 0.0252 0.9114 0.4107
447.0000 61.0191 182.7176 -0.5680 -0.0065 0.0263 0.9137 0.4056
448.0000 60.5603 183.1978 -0.5734 -0.0062 0.0273 0.9166 0.3989
449.0000 60.1436 183.6237 -0.5785 -0.0059 0.0284 0.9197 0.3916
450.0000 59.7294 184.0430 -0.5852 -0.0050 0.0302 0.9234 0.3827
451.0000 59.2697 184.4853 -0.5953 -0.0041 0.0320 0.9279 0.3715
452.0000 58.8428 184.8627 -0.6078 -0.0041 0.0326 0.9325 0.3597
453.0000 58.3700 185.2487 -0.6194 -0.0050 0.0318 0.9380 0.3451
454.0000 57.9337 185.5728 -0.6318 -0.0060 0.0306 0.9431 0.3310
455.0000 57.4935 185.8745 -0.6429 -0.0070 0.0291 0.9485 0.3155
456.0000 57.0029 186.1802 -0.6611 -0.0079 0.0280 0.9545 0.2966
457.0000 56.5568 186.4373 -0.6744 -0.0086 0.0284 0.9602 0.2777
458.0000 56.1081 186.6652 -0.6855 -0.0093 0.0264 0.9660 0.2568
459.0000 55.6121 186.8803 -0.6964 -0.0094 0.0224 0.9722 0.2328
460.0000 55.1573 187.0434 -0.7063 -0.0094 0.0167 0.9773 0.2111
461.0000 54.7010 187.1847 -0.7156 -0.0089 0.0123 0.9818 0.1893
462.0000 54.2017 187.3235 -0.7182 -0.0077 0.0085 0.9864 0.1643
463.0000 53.7457 187.4329 -0.7208 -0.0067 0.0074 0.9900 0.1407
464.0000 53.2408 187.5297 -0.7240 -0.0068 0.0070 0.9934 0.1143
465.0000 52.7793 187.5925 -0.7213 -0.0074 0.0070 0.9958 0.0905
466.0000 52.3154 187.6239 -0.7173 -0.0092 0.0038 0.9977 0.0663
467.0000 51.8050 187.6241 -0.7123 -0.0122 -0.0016 0.9991 0.0396
468.0000 51.3474 187.6085 -0.7108 -0.0142 -0.0033 0.9998 0.0153
469.0000 50.8985 187.5857 -0.7142 -0.0137 -0.0014 0.9999 -0.0098
470.0000 50.4105 187.5384 -0.7167 -0.0128 0.0030 0.9992 -0.0371
471.0000 49.9747 187.4658 -0.7174 -0.0117 0.0047 0.9980 -0.0616
472.0000 49.5044 187.3561 -0.7167 -0.0110 0.0054 0.9960 -0.0882
473.0000 49.0896 187.2292 -0.7189 -0.0098 0.0050 0.9936 -0.1121
474.0000 48.6824 187.0895 -0.7210 -0.0087 0.0058 0.9906 -0.1362
475.0000 48.2379 186.9242 -0.7230 -0.0088 0.0086 0.9866 -0.1630
476.0000 47.8376 186.7488 -0.7202 -0.0083 0.0103 0.9826 -0.1854
477.0000 47.4002 186.5243 -0.7130 -0.0089 0.0080 0.9779 -0.2085
478.0000 47.0023 186.3046 -0.7046 -0.0109 0.0065 0.9735 -0.2284
479.0000 46.6060 186.0782 -0.6998 -0.0131 0.0074 0.9691 -0.2463
480.0000 46.1755 185.8246 -0.6957 -0.0150 0.0093 0.9645 -0.2635
481.0000 45.7924 185.5741 -0.6939 -0.0155 0.0095 0.9606 -0.2775
482.0000 45.3746 185.2834 -0.6941 -0.0158 0.0087 0.9567 -0.2906
483.0000 44.9965 185.0078 -0.6962 -0.0152 0.0080 0.9536 -0.3005
484.0000 44.6164 184.7243 -0.6984 -0.0149 0.0078 0.9511 -0.3086
485.0000 44.1966 184.4027 -0.6991 -0.0145 0.0072 0.9488 -0.3155
486.0000 43.8130 184.1012 -0.6996 -0.0137 0.0064 0.9471 -0.3206
487.0000 43.3866 183.7619 -0.7026 -0.0123 0.0055 0.9456 -0.3250
488.0000 42.9915 183.4483 -0.7068 -0.0116 0.0062 0.9445 -0.3283
489.0000 42.5491 183.0918 -0.7137 -0.0116 0.0071 0.9435 -0.3312
490.0000 42.1401 182.7598 -0.7210 -0.0119 0.0090 0.9428 -0.3331
491.0000 41.7304 182.4133 -0.7261 -0.0112 0.0079 0.9422 -0.3348
492.0000 41.2721 182.0202 -0.7302 -0.0097 0.0062 0.9418 -0.3361
493.0000 40.8408 181.6514 -0.7383 -0.0091 0.0045 0.9415 -0.3368
494.0000 40.3498 181.2457 -0.7465 -0.0099 0.0055 0.9414 -0.3372
495.0000 39.8884 180.8734 -0.7479 -0.0109 0.0079 0.9413 -0.3372
496.0000 39.3704 180.4515 -0.7446 -0.0108 0.0083 0.9415 -0.3367
497.0000 38.8937 180.0543 -0.7436 -0.0083 0.0069 0.9417 -0.3364
498.0000 38.4074 179.6524 -0.7484 -0.0049 0.0076 0.9418 -0.3362
499.0000 37.8554 179.1996 -0.7497 -0.0023 0.0079 0.9419 -0.3358
500.0000 37.3334 178.7792 -0.7463 -0.0027 0.0092 0.9420 -0.3355
501.0000 36.7567 178.2920 -0.7406 -0.0036 0.0079 0.9420 -0.3354
502.0000 36.2245 177.8329 -0.7358 -0.0038 0.0048 0.9421 -0.3353
503.0000 35.6774 177.3685 -0.7278 -0.0038 0.0027 0.9420 -0.3355
504.0000 35.0570 176.8512 -0.7207 -0.0043 0.0022 0.9420 -0.3357
505.0000 34.4775 176.3705 -0.7192 -0.0057 0.0015 0.9420 -0.3357
506.0000 33.8238 175.8293 -0.7190 -0.0080 0.0012 0.9421 -0.3354
507.0000 33.2215 175.3267 -0.7169 -0.0085 -0.0004 0.9420 -0.3355
508.0000 32.6138 174.8154 -0.7167 -0.0070 -0.0018 0.9419 -0.3357
509.0000 31.9310 174.2514 -0.7242 -0.0053 -0.0006 0.9419 -0.3360
510.0000 31.2981 173.7294 -0.7299 -0.0059 0.0006 0.9417 -0.3364
511.0000 30.5903 173.1412 -0.7337 -0.0091 0.0005 0.9417 -0.3363
512.0000 29.9429 172.6007 -0.7402 -0.0109 0.0016 0.9417 -0.3362
513.0000 29.2909 172.0530 -0.7458 -0.0110 0.0022 0.9416 -0.3365
514.0000 28.5640 171.4428 -0.7524 -0.0098 0.0045 0.9416 -0.3367
515.0000 27.8920 170.8878 -0.7566 -0.0084 0.0072 0.9415 -0.3368
516.0000 27.1456 170.2689 -0.7495 -0.0073 0.0079 0.9416 -0.3367
517.0000 26.4586 169.7001 -0.7425 -0.0067 0.0076 0.9418 -0.3361
518.0000 25.7629 169.1267 -0.7354 -0.0078 0.0067 0.9419 -0.3357
519.0000 24.9936 168.4958 -0.7269 -0.0092 0.0057 0.9420 -0.3353
520.0000 24.2922 167.9262 -0.7186 -0.0107 0.0058 0.9422 -0.3348
521.0000 23.5181 167.3091 -0.7101 -0.0123 0.0081 0.9423 -0.3345
522.0000 22.8135 166.7545 -0.7043 -0.0139 0.0113 0.9424 -0.3341
523.0000 22.1101 166.1960 -0.7023 -0.0159 0.0125 0.9424 -0.3338
524.0000 21.3357 165.5769 -0.7068 -0.0193 0.0131 0.9425 -0.3335
525.0000 20.6279 165.0224 -0.7139 -0.0228 0.0136 0.9424 -0.3334
526.0000 19.8626 164.4116 -0.7251 -0.0224 0.0148 0.9425 -0.3331
527.0000 19.1775 163.8564 -0.7336 -0.0185 0.0151 0.9427 -0.3327
528.0000 18.4966 163.3052 -0.7379 -0.0142 0.0166 0.9430 -0.3321
529.0000 17.7403 162.6960 -0.7403 -0.0124 0.0175 0.9432 -0.3316
530.0000 17.0504 162.1416 -0.7360 -0.0138 0.0170 0.9434 -0.3310
531.0000 16.2928 161.5361 -0.7322 -0.0152 0.0168 0.9435 -0.3305
532.0000 15.6078 160.9888 -0.7309 -0.0159 0.0167 0.9437 -0.3301
533.0000 14.9283 160.4428 -0.7317 -0.0156 0.0153 0.9442 -0.3287
534.0000 14.1780 159.8517 -0.7308 -0.0150 0.0134 0.9454 -0.3254
535.0000 13.4941 159.3230 -0.7294 -0.0150 0.0124 0.9468 -0.3213
536.0000 12.7387 158.7610 -0.7335 -0.0148 0.0127 0.9487 -0.3155
537.0000 12.0462 158.2635 -0.7389 -0.0154 0.0133 0.9509 -0.3088
538.0000 11.3465 157.7835 -0.7433 -0.0170 0.0147 0.9535 -0.3007
539.0000 10.5700 157.2688 -0.7476 -0.0193 0.0151 0.9566 -0.2903
540.0000 9.8579 156.8242 -0.7553 -0.0200 0.0160 0.9599 -0.2792
541.0000 9.0653 156.3594 -0.7683 -0.0207 0.0180 0.9639 -0.2648
542.0000 8.3323 155.9633 -0.7863 -0.0215 0.0193 0.9678 -0.2502
543.0000 7.5892 155.5892 -0.8011 -0.0224 0.0205 0.9716 -0.2348
544.0000 6.7645 155.2063 -0.8186 -0.0219 0.0216 0.9755 -0.2180
545.0000 6.0119 154.8886 -0.8350 -0.0184 0.0235 0.9788 -0.2026
546.0000 5.1807 154.5646 -0.8497 -0.0131 0.0252 0.9823 -0.1852
547.0000 4.4153 154.2920 -0.8550 -0.0097 0.0239 0.9852 -0.1695
548.0000 3.5587 154.0122 -0.8561 -0.0090 0.0214 0.9880 -0.1528
549.0000 2.7692 153.7835 -0.8522 -0.0090 0.0203 0.9901 -0.1389
550.0000 1.9706 153.5780 -0.8502 -0.0085 0.0207 0.9917 -0.1265
551.0000 1.0827 153.3725 -0.8534 -0.0073 0.0228 0.9931 -0.1148
552.0000 0.2644 153.1947 -0.8545 -0.0076 0.0225 0.9941 -0.1055
553.0000 -0.5672 153.0242 -0.8523 -0.0103 0.0204 0.9951 -0.0962
554.0000 -1.4896 152.8595 -0.8561 -0.0119 0.0203 0.9960 -0.0863
555.0000 -2.3352 152.7251 -0.8643 -0.0117 0.0203 0.9967 -0.0777
556.0000 -3.2706 152.5907 -0.8702 -0.0094 0.0199 0.9974 -0.0690
557.0000 -4.1339 152.4793 -0.8811 -0.0080 0.0212 0.9978 -0.0621
558.0000 -5.0164 152.3833 -0.8938 -0.0089 0.0240 0.9980 -0.0570
559.0000 -6.0082 152.2838 -0.9060 -0.0147 0.0267 0.9981 -0.0533
560.0000 -6.9180 152.1927 -0.9204 -0.0192 0.0282 0.9981 -0.0516
561.0000 -7.9194 152.0884 -0.9449 -0.0194 0.0279 0.9981 -0.0508
562.0000 -8.8342 151.9894 -0.9675 -0.0179 0.0265 0.9982 -0.0503
563.0000 -9.7567 151.8858 -0.9889 -0.0158 0.0241 0.9983 -0.0499
564.0000 -10.7887 151.7637 -1.0099 -0.0142 0.0198 0.9985 -0.0498
565.0000 -11.7416 151.6548 -1.0290 -0.0143 0.0173 0.9985 -0.0498
566.0000 -12.7054 151.5497 -1.0480 -0.0153 0.0162 0.9985 -0.0502
567.0000 -13.7721 151.4338 -1.0674 -0.0163 0.0149 0.9985 -0.0506
568.0000 -14.7542 151.3264 -1.0894 -0.0164 0.0148 0.9984 -0.0512
569.0000 -15.8377 151.2063 -1.1121 -0.0160 0.0138 0.9984 -0.0520
570.0000 -16.8307 151.0928 -1.1318 -0.0150 0.0129 0.9984 -0.0525
571.0000 -17.8274 150.9796 -1.1497 -0.0140 0.0121 0.9984 -0.0529
572.0000 -18.9314 150.8545 -1.1658 -0.0135 0.0104 0.9985 -0.0528
573.0000 -19.9402 150.7401 -1.1744 -0.0135 0.0091 0.9985 -0.0522
574.0000 -20.9517 150.6292 -1.1837 -0.0139 0.0084 0.9985 -0.0515
575.0000 -22.0666 150.5112 -1.1942 -0.0141 0.0082 0.9986 -0.0507
576.0000 -23.0804 150.4053 -1.2052 -0.0144 0.0077 0.9986 -0.0500
577.0000 -24.1985 150.2933 -1.2215 -0.0150 0.0077 0.9986 -0.0494
578.0000 -25.2154 150.1899 -1.2367 -0.0163 0.0075 0.9986 -0.0489
579.0000 -26.2287 150.0901 -1.2567 -0.0172 0.0071 0.9986 -0.0486
580.0000 -27.3362 149.9817 -1.2776 -0.0165 0.0066 0.9987 -0.0480
581.0000 -28.3409 149.8855 -1.2980 -0.0154 0.0065 0.9987 -0.0476
582.0000 -29.3433 149.7895 -1.3157 -0.0147 0.0062 0.9988 -0.0472
583.0000 -30.4454 149.6852 -1.3326 -0.0148 0.0059 0.9988 -0.0467
584.0000 -31.4459 149.5916 -1.3482 -0.0153 0.0055 0.9988 -0.0459
585.0000 -32.5445 149.4912 -1.3691 -0.0159 0.0049 0.9989 -0.0445
586.0000 -33.5388 149.4028 -1.3870 -0.0163 0.0044 0.9989 -0.0431
587.0000 -34.5283 149.3182 -1.4057 -0.0156 0.0041 0.9990 -0.0417
588.0000 -35.6152 149.2273 -1.4253 -0.0153 0.0035 0.9991 -0.0401
589.0000 -36.6014 149.1457 -1.4395 -0.0158 0.0031 0.9991 -0.0386
590.0000 -37.6841 149.0605 -1.4555 -0.0167 0.0030 0.9992 -0.0372
591.0000 -38.6650 148.9888 -1.4704 -0.0174 0.0032 0.9992 -0.0359
592.0000 -39.6417 148.9215 -1.4858 -0.0175 0.0036 0.9992 -0.0348
593.0000 -40.7113 148.8437 -1.5029 -0.0172 0.0035 0.9993 -0.0336
594.0000 -41.6796 148.7765 -1.5187 -0.0167 0.0040 0.9993 -0.0327
595.0000 -42.6472 148.7096 -1.5364 -0.0167 0.0036 0.9993 -0.0320
596.0000 -43.7101 148.6318 -1.5592 -0.0170 0.0029 0.9994 -0.0313
597.0000 -44.6711 148.5627 -1.5771 -0.0165 0.0025 0.9994 -0.0309
598.0000 -45.7213 148.4851 -1.5965 -0.0144 0.0023 0.9994 -0.0306
599.0000 -46.6735 148.4167 -1.6114 -0.0127 0.0019 0.9995 -0.0305
600.0000 -47.6260 148.3511 -1.6259 -0.0125 0.0020 0.9994 -0.0307
601.0000 -48.6698 148.2792 -1.6376 -0.0125 0.0025 0.9994 -0.0310
602.0000 -49.6154 148.2136 -1.6465 -0.0133 0.0033 0.9994 -0.0313
603.0000 -50.6522 148.1405 -1.6550 -0.0139 0.0044 0.9994 -0.0318
604.0000 -51.5907 148.0742 -1.6649 -0.0144 0.0048 0.9994 -0.0323
605.0000 -52.5246 148.0066 -1.6727 -0.0147 0.0051 0.9993 -0.0327
606.0000 -53.5504 147.9323 -1.6794 -0.0149 0.0046 0.9993 -0.0333
607.0000 -54.4782 147.8638 -1.6855 -0.0144 0.0045 0.9993 -0.0336
608.0000 -55.4025 147.7979 -1.6937 -0.0138 0.0056 0.9993 -0.0344
609.0000 -56.4170 147.7232 -1.7019 -0.0133 0.0063 0.9992 -0.0360
610.0000 -57.3347 147.6490 -1.7085 -0.0130 0.0057 0.9992 -0.0374
611.0000 -58.3382 147.5678 -1.7126 -0.0123 0.0056 0.9992 -0.0386
612.0000 -59.2454 147.4940 -1.7168 -0.0120 0.0058 0.9991 -0.0396
613.0000 -60.1474 147.4175 -1.7212 -0.0121 0.0054 0.9991 -0.0401
614.0000 -61.1318 147.3329 -1.7216 -0.0132 0.0046 0.9991 -0.0403
615.0000 -62.0165 147.2584 -1.7228 -0.0142 0.0041 0.9991 -0.0401
616.0000 -62.9780 147.1784 -1.7252 -0.0148 0.0040 0.9991 -0.0396
617.0000 -63.8388 147.1067 -1.7287 -0.0149 0.0033 0.9991 -0.0389
618.0000 -64.6861 147.0376 -1.7329 -0.0148 0.0027 0.9992 -0.0380
619.0000 -65.6024 146.9653 -1.7400 -0.0149 0.0022 0.9992 -0.0360
620.0000 -66.4200 146.9038 -1.7479 -0.0151 0.0023 0.9993 -0.0334
621.0000 -67.2969 146.8439 -1.7550 -0.0152 0.0026 0.9994 -0.0296
622.0000 -68.0751 146.7976 -1.7627 -0.0154 0.0035 0.9995 -0.0259
623.0000 -68.8335 146.7625 -1.7664 -0.0162 0.0046 0.9996 -0.0221
624.0000 -69.6419 146.7336 -1.7676 -0.0163 0.0064 0.9997 -0.0179
625.0000 -70.3522 146.7099 -1.7681 -0.0167 0.0072 0.9997 -0.0143
626.0000 -71.1064 146.6865 -1.7683 -0.0170 0.0079 0.9998 -0.0104
627.0000 -71.7657 146.6715 -1.7687 -0.0170 0.0083 0.9998 -0.0071
628.0000 -72.4009 146.6621 -1.7701 -0.0168 0.0090 0.9998 -0.0041
629.0000 -73.0703 146.6539 -1.7729 -0.0166 0.0095 0.9998 -0.0009
630.0000 -73.6537 146.6504 -1.7771 -0.0163 0.0100 0.9998 0.0017
631.0000 -74.2661 146.6543 -1.7770 -0.0160 0.0111 0.9998 0.0042
632.0000 -74.8011 146.6626 -1.7764 -0.0167 0.0119 0.9998 0.0064
633.0000 -75.3070 146.6733 -1.7746 -0.0177 0.0122 0.9997 0.0084
634.0000 -75.8309 146.6848 -1.7753 -0.0182 0.0126 0.9997 0.0103
635.0000 -76.2771 146.6989 -1.7760 -0.0185 0.0128 0.9997 0.0118
636.0000 -76.7365 146.7169 -1.7789 -0.0188 0.0136 0.9996 0.0131
637.0000 -77.1228 146.7368 -1.7819 -0.0191 0.0147 0.9996 0.0140
638.0000 -77.4793 146.7519 -1.7858 -0.0194 0.0153 0.9996 0.0146
639.0000 -77.8357 146.7699 -1.7852 -0.0200 0.0152 0.9996 0.0148
640.0000 -78.1270 146.7819 -1.7854 -0.0202 0.0147 0.9996 0.0146
641.0000 -78.3895 146.7916 -1.7848 -0.0200 0.0140 0.9996 0.0141
642.0000 -78.6484 146.8017 -1.7869 -0.0196 0.0131 0.9996 0.0132
643.0000 -78.8630 146.8082 -1.7904 -0.0193 0.0123 0.9997 0.0120
644.0000 -79.0789 146.8170 -1.7954 -0.0186 0.0118 0.9997 0.0107
645.0000 -79.2666 146.8221 -1.8007 -0.0174 0.0116 0.9997 0.0093
646.0000 -79.4499 146.8255 -1.8104 -0.0163 0.0119 0.9998 0.0082
647.0000 -79.6458 146.8266 -1.8179 -0.0162 0.0123 0.9998 0.0070
648.0000 -79.8159 146.8204 -1.8286 -0.0167 0.0119 0.9998 0.0059
649.0000 -79.9901 146.8102 -1.8368 -0.0169 0.0109 0.9998 0.0046
650.0000 -80.1347 146.7980 -1.8447 -0.0166 0.0100 0.9998 0.0033
651.0000 -80.2701 146.7945 -1.8501 -0.0162 0.0103 0.9998 0.0016
652.0000 -80.4106 146.7936 -1.8562 -0.0158 0.0109 0.9998 -0.0009
653.0000 -80.5319 146.7894 -1.8610 -0.0155 0.0111 0.9998 -0.0035
654.0000 -80.6579 146.7806 -1.8668 -0.0155 0.0105 0.9998 -0.0070
655.0000 -80.7652 146.7682 -1.8713 -0.0154 0.0096 0.9998 -0.0107
656.0000 -80.8662 146.7547 -1.8750 -0.0155 0.0086 0.9997 -0.0145
657.0000 -80.9634 146.7364 -1.8774 -0.0160 0.0079 0.9997 -0.0182
658.0000 -81.0371 146.7217 -1.8794 -0.0163 0.0072 0.9996 -0.0213
659.0000 -81.1014 146.7076 -1.8828 -0.0164 0.0068 0.9996 -0.0238
660.0000 -81.1469 146.6974 -1.8855 -0.0160 0.0069 0.9995 -0.0258
661.0000 -81.1814 146.6879 -1.8884 -0.0158 0.0068 0.9995 -0.0274
662.0000 -81.2077 146.6792 -1.8899 -0.0158 0.0069 0.9994 -0.0285
663.0000 -81.2221 146.6717 -1.8926 -0.0155 0.0067 0.9994 -0.0295
664.0000 -81.2289 146.6652 -1.8943 -0.0156 0.0066 0.9994 -0.0299
665.0000 -81.2261 146.6605 -1.8964 -0.0156 0.0066 0.9994 -0.0298
666.0000 -81.2189 146.6581 -1.8965 -0.0152 0.0069 0.9994 -0.0298
667.0000 -81.2172 146.6573 -1.8960 -0.0145 0.0071 0.9994 -0.0300
668.0000 -81.2201 146.6595 -1.8977 -0.0144 0.0070 0.9994 -0.0298
669.0000 -81.2227 146.6651 -1.8998 -0.0146 0.0069 0.9994 -0.0299
670.0000 -81.2223 146.6691 -1.9008 -0.0144 0.0069 0.9994 -0.0300
671.0000 -81.2211 146.6715 -1.9045 -0.0144 0.0070 0.9994 -0.0300
672.0000 -81.2202 146.6746 -1.9093 -0.0146 0.0070 0.9994 -0.0301
673.0000 -81.2186 146.6762 -1.9138 -0.0145 0.0070 0.9994 -0.0301
674.0000 -81.2178 146.6770 -1.9207 -0.0145 0.0070 0.9994 -0.0302
675.0000 -81.2191 146.6784 -1.9246 -0.0145 0.0071 0.9994 -0.0302
676.0000 -81.2209 146.6807 -1.9291 -0.0145 0.0071 0.9994 -0.0302
677.0000 -81.2218 146.6815 -1.9315 -0.0145 0.0071 0.9994 -0.0304
678.0000 -81.2254 146.6842 -1.9389 -0.0145 0.0072 0.9994 -0.0304
679.0000 -81.2271 146.6850 -1.9445 -0.0145 0.0072 0.9994 -0.0305
680.0000 -81.2291 146.6865 -1.9508 -0.0145 0.0073 0.9994 -0.0306
681.0000 -81.2299 146.6868 -1.9549 -0.0145 0.0073 0.9994 -0.0306
682.0000 -81.2312 146.6878 -1.9611 -0.0145 0.0073 0.9994 -0.0307
683.0000 -81.2308 146.6863 -1.9646 -0.0146 0.0073 0.9994 -0.0309
684.0000 -81.2312 146.6863 -1.9709 -0.0145 0.0074 0.9994 -0.0310
685.0000 -81.2300 146.6851 -1.9758 -0.0145 0.0075 0.9994 -0.0312
686.0000 -81.2268 146.6828 -1.9819 -0.0145 0.0075 0.9994 -0.0314
687.0000 -81.2232 146.6804 -1.9896 -0.0145 0.0076 0.9994 -0.0317
688.0000 -81.2204 146.6786 -1.9955 -0.0145 0.0077 0.9994 -0.0318
689.0000 -81.2179 146.6794 -1.9999 -0.0145 0.0077 0.9994 -0.0318
690.0000 -81.2159 146.6802 -2.0037 -0.0145 0.0078 0.9994 -0.0318
691.0000 -81.2133 146.6805 -2.0086 -0.0145 0.0077 0.9994 -0.0319
692.0000 -81.2113 146.6801 -2.0122 -0.0145 0.0078 0.9994 -0.0320
693.0000 -81.2101 146.6795 -2.0147 -0.0145 0.0078 0.9994 -0.0320
694.0000 -81.2086 146.6792 -2.0156 -0.0145 0.0079 0.9993 -0.0321
695.0000 -81.2083 146.6810 -2.0165 -0.0145 0.0080 0.9993 -0.0321
696.0000 -81.2076 146.6814 -2.0183 -0.0145 0.0080 0.9993 -0.0322
697.0000 -81.2080 146.6820 -2.0224 -0.0145 0.0080 0.9993 -0.0322
698.0000 -81.2082 146.6821 -2.0251 -0.0145 0.0080 0.9993 -0.0323
699.0000 -81.2086 146.6824 -2.0281 -0.0146 0.0080 0.9993 -0.0323
700.0000 -81.2084 146.6820 -2.0303 -0.0146 0.0081 0.9993 -0.0325
701.0000 -81.2088 146.6798 -2.0353 -0.0146 0.0081 0.9993 -0.0326
702.0000 -81.2087 146.6784 -2.0388 -0.0146 0.0081 0.9993 -0.0326
703.0000 -81.2088 146.6787 -2.0410 -0.0146 0.0081 0.9993 -0.0327
704.0000 -81.2090 146.6792 -2.0416 -0.0146 0.0082 0.9993 -0.0327
705.0000 -81.2087 146.6787 -2.0418 -0.0146 0.0081 0.9993 -0.0327
706.0000 -81.2086 146.6789 -2.0428 -0.0146 0.0081 0.9993 -0.0327
707.0000 -81.2083 146.6789 -2.0442 -0.0146 0.0082 0.9993 -0.0327
708.0000 -81.2090 146.6741 -2.0480 -0.0146 0.0081 0.9993 -0.0327
709.0000 -81.2081 146.6702 -2.0510 -0.0147 0.0081 0.9993 -0.0328
710.0000 -81.2076 146.6672 -2.0522 -0.0146 0.0081 0.9993 -0.0328
711.0000 -81.2073 146.6662 -2.0531 -0.0146 0.0081 0.9993 -0.0328
712.0000 -81.2082 146.6694 -2.0535 -0.0147 0.0081 0.9993 -0.0328
713.0000 -81.2084 146.6710 -2.0535 -0.0147 0.0081 0.9993 -0.0327
714.0000 -81.2085 146.6714 -2.0544 -0.0147 0.0081 0.9993 -0.0328
715.0000 -81.2082 146.6699 -2.0560 -0.0146 0.0081 0.9993 -0.0328
716.0000 -81.2260 146.7011 -2.0967 -0.0147 0.0081 0.9993 -0.0328
717.0000 -81.2377 146.7197 -2.1227 -0.0146 0.0081 0.9993 -0.0331
718.0000 -81.2511 146.7365 -2.1449 -0.0144 0.0080 0.9993 -0.0342
719.0000 -81.2719 146.7536 -2.1698 -0.0142 0.0077 0.9993 -0.0352
720.0000 -81.2928 146.7632 -2.1860 -0.0140 0.0075 0.9992 -0.0366
721.0000 -81.3232 146.7793 -2.2050 -0.0141 0.0077 0.9991 -0.0392
722.0000 -81.3519 146.7873 -2.2172 -0.0141 0.0077 0.9990 -0.0418
723.0000 -81.3854 146.7941 -2.2314 -0.0141 0.0074 0.9989 -0.0448
724.0000 -81.4222 146.7944 -2.2406 -0.0141 0.0073 0.9987 -0.0489
725.0000 -81.4609 146.7976 -2.2503 -0.0141 0.0072 0.9985 -0.0532
726.0000 -81.5059 146.7949 -2.2572 -0.0141 0.0071 0.9982 -0.0582
727.0000 -81.5517 146.7944 -2.2642 -0.0141 0.0070 0.9979 -0.0633
728.0000 -81.5991 146.7879 -2.2693 -0.0141 0.0070 0.9975 -0.0691
729.0000 -81.6550 146.7766 -2.2764 -0.0140 0.0069 0.9970 -0.0759
730.0000 -81.7113 146.7627 -2.2821 -0.0136 0.0068 0.9965 -0.0828
731.0000 -81.7829 146.7425 -2.2897 -0.0125 0.0065 0.9957 -0.0913
732.0000 -81.8608 146.7168 -2.2958 -0.0114 0.0059 0.9949 -0.0996
733.0000 -81.9346 146.6946 -2.3002 -0.0108 0.0054 0.9942 -0.1065
734.0000 -82.0762 146.6492 -2.3055 -0.0111 0.0050 0.9929 -0.1180
735.0000 -82.2016 146.6111 -2.3088 -0.0118 0.0055 0.9918 -0.1272
736.0000 -82.3545 146.5620 -2.3122 -0.0126 0.0063 0.9903 -0.1384
737.0000 -82.5031 146.5053 -2.3145 -0.0133 0.0058 0.9887 -0.1495
738.0000 -82.6631 146.4396 -2.3178 -0.0145 0.0050 0.9868 -0.1611
739.0000 -82.8472 146.3598 -2.3233 -0.0156 0.0051 0.9846 -0.1742
740.0000 -83.0207 146.2800 -2.3287 -0.0162 0.0059 0.9823 -0.1867
741.0000 -83.2013 146.1895 -2.3330 -0.0174 0.0064 0.9796 -0.2001
742.0000 -83.4057 146.0777 -2.3384 -0.0191 0.0068 0.9762 -0.2161
743.0000 -83.5952 145.9629 -2.3438 -0.0200 0.0071 0.9725 -0.2320
744.0000 -83.7890 145.8337 -2.3507 -0.0197 0.0075 0.9681 -0.2495
745.0000 -84.0117 145.6678 -2.3589 -0.0183 0.0071 0.9625 -0.2706
746.0000 -84.2249 145.4922 -2.3647 -0.0170 0.0060 0.9565 -0.2912
747.0000 -84.4775 145.2740 -2.3720 -0.0161 0.0059 0.9487 -0.3156
748.0000 -84.7221 145.0540 -2.3824 -0.0155 0.0078 0.9406 -0.3392
749.0000 -84.9755 144.8075 -2.3946 -0.0143 0.0102 0.9316 -0.3631
750.0000 -85.2564 144.4953 -2.4061 -0.0127 0.0113 0.9211 -0.3889
751.0000 -85.5175 144.1777 -2.4128 -0.0122 0.0115 0.9111 -0.4119
752.0000 -85.7816 143.8253 -2.4176 -0.0126 0.0121 0.9003 -0.4350
753.0000 -86.0692 143.4010 -2.4231 -0.0136 0.0128 0.8876 -0.4603
754.0000 -86.3192 142.9756 -2.4266 -0.0148 0.0119 0.8754 -0.4829
755.0000 -86.5850 142.4760 -2.4317 -0.0173 0.0117 0.8613 -0.5077
756.0000 -86.8162 141.9947 -2.4391 -0.0201 0.0125 0.8475 -0.5302
757.0000 -87.0303 141.4824 -2.4445 -0.0225 0.0131 0.8332 -0.5524
758.0000 -87.2399 140.8828 -2.4494 -0.0244 0.0129 0.8170 -0.5760
759.0000 -87.4106 140.3098 -2.4541 -0.0260 0.0127 0.8022 -0.5964
760.0000 -87.5737 139.6473 -2.4608 -0.0272 0.0131 0.7859 -0.6176
761.0000 -87.6999 139.0199 -2.4699 -0.0275 0.0147 0.7719 -0.6350
762.0000 -87.8033 138.3666 -2.4781 -0.0268 0.0156 0.7593 -0.6500
763.0000 -87.8909 137.6162 -2.4877 -0.0254 0.0156 0.7474 -0.6637
764.0000 -87.9565 136.9110 -2.4944 -0.0239 0.0161 0.7385 -0.6736
765.0000 -88.0157 136.1084 -2.5000 -0.0228 0.0171 0.7308 -0.6820
766.0000 -88.0595 135.3520 -2.5049 -0.0226 0.0177 0.7251 -0.6881
767.0000 -88.0943 134.5747 -2.5083 -0.0225 0.0187 0.7201 -0.6933
768.0000 -88.1230 133.6975 -2.5078 -0.0222 0.0201 0.7149 -0.6986
769.0000 -88.1380 132.8799 -2.5069 -0.0214 0.0220 0.7100 -0.7036
770.0000 -88.1400 131.9572 -2.5043 0.0200 -0.0234 -0.7047 0.7089
771.0000 -88.1256 131.0944 -2.4984 0.0186 -0.0228 -0.7004 0.7131
772.0000 -88.0977 130.1223 -2.4869 0.0170 -0.0211 -0.6968 0.7167
773.0000 -88.0647 129.2173 -2.4759 0.0154 -0.0194 -0.6950 0.7186
774.0000 -88.0320 128.2939 -2.4657 0.0142 -0.0188 -0.6941 0.7195
775.0000 -87.9971 127.2521 -2.4554 0.0141 -0.0180 -0.6938 0.7198
776.0000 -87.9653 126.2798 -2.4466 0.0149 -0.0179 -0.6934 0.7202
777.0000 -87.9255 125.1832 -2.4374 0.0153 -0.0179 -0.6923 0.7212
778.0000 -87.8859 124.1690 -2.4295 0.0155 -0.0182 -0.6908 0.7226
779.0000 -87.8346 123.0330 -2.4195 0.0153 -0.0184 -0.6891 0.7243
780.0000 -87.7669 121.9827 -2.4114 0.0152 -0.0183 -0.6873 0.7259
781.0000 -87.6901 120.9170 -2.4017 0.0149 -0.0181 -0.6854 0.7278
782.0000 -87.6093 119.7286 -2.3894 0.0161 -0.0175 -0.6834 0.7297
783.0000 -87.5264 118.6293 -2.3800 0.0177 -0.0166 -0.6815 0.7314
784.0000 -87.4331 117.4088 -2.3701 0.0188 -0.0157 -0.6797 0.7331
785.0000 -87.3397 116.2852 -2.3652 0.0187 -0.0159 -0.6789 0.7338
786.0000 -87.2424 115.1499 -2.3582 0.0175 -0.0162 -0.6789 0.7338
787.0000 -87.1325 113.8852 -2.3494 0.0172 -0.0162 -0.6793 0.7335
788.0000 -87.0383 112.7283 -2.3405 0.0183 -0.0157 -0.6795 0.7333
789.0000 -86.9346 111.4535 -2.3291 0.0197 -0.0153 -0.6796 0.7331
790.0000 -86.8446 110.2993 -2.3192 0.0206 -0.0152 -0.6798 0.7330
791.0000 -86.7546 109.1491 -2.3086 0.0208 -0.0150 -0.6799 0.7329
792.0000 -86.6507 107.8866 -2.2942 0.0210 -0.0150 -0.6801 0.7327
793.0000 -86.5593 106.7433 -2.2803 0.0203 -0.0151 -0.6803 0.7325
794.0000 -86.4591 105.4870 -2.2659 0.0195 -0.0160 -0.6805 0.7323
795.0000 -86.3713 104.3438 -2.2528 0.0193 -0.0161 -0.6806 0.7322
796.0000 -86.2809 103.1982 -2.2381 0.0198 -0.0149 -0.6808 0.7321
797.0000 -86.1858 101.9416 -2.2253 0.0207 -0.0141 -0.6810 0.7319
798.0000 -86.0913 100.8050 -2.2178 0.0199 -0.0144 -0.6811 0.7318
799.0000 -85.9968 99.5598 -2.2087 0.0195 -0.0155 -0.6812 0.7316
800.0000 -85.9079 98.4293 -2.1977 0.0191 -0.0160 -0.6813 0.7316
801.0000 -85.8208 97.2985 -2.1868 0.0193 -0.0148 -0.6814 0.7315
802.0000 -85.7252 96.0568 -2.1750 0.0200 -0.0134 -0.6815 0.7314
803.0000 -85.6395 94.9323 -2.1679 0.0203 -0.0118 -0.6816 0.7313
804.0000 -85.5436 93.7019 -2.1618 0.0190 -0.0113 -0.6818 0.7312
805.0000 -85.4613 92.5870 -2.1557 0.0182 -0.0115 -0.6819 0.7312
806.0000 -85.3809 91.4737 -2.1487 0.0179 -0.0116 -0.6819 0.7311
807.0000 -85.2910 90.2514 -2.1383 0.0177 -0.0110 -0.6820 0.7310
808.0000 -85.2128 89.1418 -2.1298 0.0185 -0.0107 -0.6820 0.7310
809.0000 -85.1277 87.9270 -2.1207 0.0188 -0.0111 -0.6820 0.7310
810.0000 -85.0530 86.8275 -2.1132 0.0189 -0.0126 -0.6821 0.7309
811.0000 -84.9785 85.7304 -2.1054 0.0191 -0.0139 -0.6819 0.7311
812.0000 -84.8973 84.5248 -2.0942 0.0202 -0.0148 -0.6813 0.7316
813.0000 -84.8177 83.4316 -2.0830 0.0209 -0.0147 -0.6803 0.7325
814.0000 -84.7270 82.2326 -2.0713 0.0215 -0.0145 -0.6790 0.7337
815.0000 -84.6376 81.1466 -2.0621 0.0213 -0.0138 -0.6780 0.7346
816.0000 -84.5442 80.0658 -2.0513 0.0200 -0.0132 -0.6770 0.7356
817.0000 -84.4409 78.8817 -2.0370 0.0188 -0.0136 -0.6759 0.7366
818.0000 -84.3496 77.8043 -2.0177 0.0186 -0.0136 -0.6750 0.7375
819.0000 -84.2561 76.7285 -1.9981 0.0191 -0.0130 -0.6742 0.7382
820.0000 -84.1521 75.5493 -1.9777 0.0195 -0.0128 -0.6735 0.7388
821.0000 -84.0554 74.4809 -1.9623 0.0196 -0.0126 -0.6730 0.7393
822.0000 -83.9456 73.3096 -1.9449 0.0200 -0.0121 -0.6724 0.7398
823.0000 -83.8437 72.2479 -1.9314 0.0195 -0.0113 -0.6721 0.7401
824.0000 -83.7416 71.1895 -1.9179 0.0193 -0.0111 -0.6721 0.7401
825.0000 -83.6289 70.0290 -1.9057 0.0183 -0.0108 -0.6724 0.7399
826.0000 -83.5291 68.9758 -1.8946 0.0181 -0.0108 -0.6729 0.7394
827.0000 -83.4324 67.9242 -1.8837 0.0185 -0.0108 -0.6734 0.7389
828.0000 -83.3279 66.7604 -1.8790 0.0195 -0.0120 -0.6743 0.7381
829.0000 -83.2372 65.7050 -1.8751 0.0201 -0.0136 -0.6751 0.7374
830.0000 -83.1392 64.5454 -1.8696 0.0207 -0.0149 -0.6760 0.7365
831.0000 -83.0532 63.4935 -1.8634 0.0216 -0.0155 -0.6768 0.7357
832.0000 -82.9661 62.4415 -1.8524 0.0224 -0.0147 -0.6776 0.7350
833.0000 -82.8699 61.2852 -1.8394 0.0226 -0.0136 -0.6785 0.7342
834.0000 -82.7866 60.2482 -1.8274 0.0221 -0.0135 -0.6793 0.7334
835.0000 -82.6966 59.1162 -1.8106 0.0211 -0.0134 -0.6802 0.7326
836.0000 -82.6176 58.0882 -1.7966 0.0200 -0.0140 -0.6809 0.7320
837.0000 -82.5278 57.0516 -1.7853 0.0188 -0.0146 -0.6815 0.7314
838.0000 -82.4411 55.9135 -1.7711 0.0184 -0.0158 -0.6821 0.7308
839.0000 -82.3598 54.8778 -1.7562 0.0183 -0.0160 -0.6825 0.7305
840.0000 -82.2829 53.8423 -1.7410 0.0191 -0.0154 -0.6827 0.7303
841.0000 -82.1968 52.7054 -1.7255 0.0200 -0.0144 -0.6826 0.7304
842.0000 -82.1172 51.6805 -1.7132 0.0198 -0.0129 -0.6824 0.7306
843.0000 -82.0281 50.5698 -1.7028 0.0187 -0.0114 -0.6822 0.7308
844.0000 -81.9460 49.5581 -1.6941 0.0171 -0.0099 -0.6821 0.7310
845.0000 -81.8642 48.5469 -1.6862 0.0158 -0.0089 -0.6820 0.7312
846.0000 -81.7722 47.4387 -1.6774 0.0140 -0.0079 -0.6818 0.7313
847.0000 -81.6925 46.4296 -1.6683 0.0133 -0.0078 -0.6817 0.7314
848.0000 -81.6066 45.3097 -1.6655 0.0119 -0.0082 -0.6814 0.7317
849.0000 -81.5311 44.2879 -1.6614 0.0121 -0.0085 -0.6812 0.7319
850.0000 -81.4595 43.2616 -1.6617 0.0147 -0.0086 -0.6809 0.7322
851.0000 -81.3763 42.1355 -1.6571 0.0175 -0.0066 -0.6805 0.7325
852.0000 -81.2963 41.1127 -1.6539 0.0186 -0.0075 -0.6801 0.7329
853.0000 -81.2255 40.0964 -1.6526 0.0182 -0.0098 -0.6796 0.7333
854.0000 -81.1428 38.9794 -1.6467 0.0170 -0.0116 -0.6793 0.7336
855.0000 -81.0639 37.9668 -1.6363 0.0162 -0.0119 -0.6792 0.7337
856.0000 -80.9756 36.8592 -1.6263 0.0160 -0.0120 -0.6790 0.7339
857.0000 -80.8974 35.8575 -1.6169 0.0166 -0.0124 -0.6788 0.7340
858.0000 -80.8206 34.8609 -1.6061 0.0165 -0.0138 -0.6788 0.7340
859.0000 -80.7381 33.7691 -1.5935 0.0166 -0.0160 -0.6789 0.7339
860.0000 -80.6631 32.7782 -1.5797 0.0168 -0.0170 -0.6790 0.7337
861.0000 -80.5807 31.6890 -1.5637 0.0184 -0.0167 -0.6793 0.7334
862.0000 -80.5097 30.6980 -1.5502 0.0203 -0.0160 -0.6795 0.7332
863.0000 -80.4406 29.7123 -1.5401 0.0210 -0.0154 -0.6798 0.7330
864.0000 -80.3675 28.6361 -1.5338 0.0203 -0.0154 -0.6802 0.7326
865.0000 -80.3027 27.6622 -1.5304 0.0190 -0.0154 -0.6806 0.7323
866.0000 -80.2291 26.5916 -1.5230 0.0188 -0.0149 -0.6810 0.7319
867.0000 -80.1665 25.6198 -1.5161 0.0194 -0.0140 -0.6813 0.7316
868.0000 -80.1025 24.6515 -1.5057 0.0198 -0.0134 -0.6817 0.7312
869.0000 -80.0355 23.5908 -1.4899 0.0203 -0.0140 -0.6820 0.7310
870.0000 -79.9731 22.6315 -1.4772 0.0203 -0.0141 -0.6822 0.7307
871.0000 -79.9107 21.6773 -1.4650 0.0203 -0.0141 -0.6825 0.7305
872.0000 -79.8420 20.6420 -1.4504 0.0201 -0.0129 -0.6828 0.7302
873.0000 -79.7827 19.7219 -1.4379 0.0200 -0.0123 -0.6831 0.7300
874.0000 -79.7184 18.7289 -1.4241 0.0200 -0.0119 -0.6834 0.7297
875.0000 -79.6592 17.8410 -1.4138 0.0201 -0.0113 -0.6836 0.7295
876.0000 -79.5997 16.9729 -1.4015 0.0201 -0.0100 -0.6836 0.7295
877.0000 -79.5347 16.0402 -1.3897 0.0205 -0.0101 -0.6834 0.7297
878.0000 -79.4706 15.2141 -1.3811 0.0200 -0.0106 -0.6826 0.7305
879.0000 -79.4026 14.3265 -1.3733 0.0197 -0.0110 -0.6814 0.7316
880.0000 -79.3347 13.5437 -1.3568 0.0189 -0.0104 -0.6800 0.7329
881.0000 -79.2633 12.7774 -1.3376 0.0178 -0.0097 -0.6785 0.7344
882.0000 -79.1864 11.9503 -1.3196 0.0173 -0.0101 -0.6765 0.7362
883.0000 -79.1160 11.2218 -1.3032 0.0171 -0.0109 -0.6740 0.7384
884.0000 -79.0344 10.4433 -1.2842 0.0171 -0.0125 -0.6704 0.7417
885.0000 -78.9542 9.7585 -1.2649 0.0171 -0.0138 -0.6665 0.7452
886.0000 -78.8636 9.0943 -1.2420 0.0167 -0.0139 -0.6622 0.7490
887.0000 -78.7554 8.3911 -1.2157 0.0165 -0.0140 -0.6571 0.7535
888.0000 -78.6544 7.7742 -1.1942 0.0167 -0.0140 -0.6521 0.7579
889.0000 -78.5360 7.1195 -1.1648 0.0177 -0.0136 -0.6457 0.7632
890.0000 -78.4197 6.5497 -1.1417 0.0172 -0.0132 -0.6394 0.7685
891.0000 -78.2781 5.9443 -1.1149 0.0154 -0.0127 -0.6318 0.7749
892.0000 -78.1417 5.4062 -1.0936 0.0140 -0.0121 -0.6242 0.7810
893.0000 -77.9995 4.8792 -1.0739 0.0141 -0.0124 -0.6159 0.7876
894.0000 -77.8473 4.3673 -1.0577 0.0140 -0.0119 -0.6073 0.7943
895.0000 -77.6630 3.8255 -1.0436 0.0130 -0.0112 -0.5971 0.8020
896.0000 -77.4865 3.3457 -1.0314 0.0123 -0.0112 -0.5867 0.8096
897.0000 -77.2796 2.8341 -1.0181 0.0109 -0.0119 -0.5736 0.8190
898.0000 -77.0800 2.3820 -1.0055 0.0101 -0.0135 -0.5599 0.8284
899.0000 -76.8660 1.9412 -0.9934 0.0095 -0.0149 -0.5445 0.8386
900.0000 -76.6162 1.4669 -0.9852 0.0109 -0.0159 -0.5252 0.8508
901.0000 -76.3702 1.0487 -0.9759 0.0127 -0.0159 -0.5047 0.8631
902.0000 -76.0986 0.6542 -0.9638 0.0121 -0.0146 -0.4830 0.8754
903.0000 -75.7734 0.2495 -0.9483 0.0092 -0.0135 -0.4590 0.8883
904.0000 -75.4654 -0.1022 -0.9382 0.0072 -0.0139 -0.4367 0.8995
905.0000 -75.1487 -0.4407 -0.9268 0.0072 -0.0156 -0.4136 0.9103
906.0000 -74.7891 -0.7961 -0.9082 0.0087 -0.0176 -0.3882 0.9214
907.0000 -74.4374 -1.0897 -0.8868 0.0068 -0.0160 -0.3654 0.9307
908.0000 -74.0322 -1.3800 -0.8646 0.0023 -0.0130 -0.3402 0.9402
909.0000 -73.6533 -1.6274 -0.8527 -0.0002 -0.0109 -0.3168 0.9484
910.0000 -73.2645 -1.8678 -0.8429 0.0003 -0.0082 -0.2929 0.9561
911.0000 -72.8244 -2.1175 -0.8318 0.0023 -0.0053 -0.2669 0.9637
912.0000 -72.4087 -2.3198 -0.8204 0.0017 -0.0020 -0.2432 0.9700
913.0000 -71.9307 -2.4976 -0.8125 -0.0036 0.0026 -0.2172 0.9761
914.0000 -71.4943 -2.6445 -0.8113 -0.0055 0.0040 -0.1938 0.9810
915.0000 -71.0571 -2.7859 -0.8204 -0.0061 0.0027 -0.1704 0.9853
916.0000 -70.5653 -2.9228 -0.8250 -0.0056 0.0015 -0.1469 0.9891
917.0000 -70.1088 -3.0293 -0.8352 -0.0059 0.0013 -0.1278 0.9918
918.0000 -69.5939 -3.1212 -0.8425 -0.0088 0.0013 -0.1082 0.9941
919.0000 -69.1202 -3.1921 -0.8515 -0.0115 0.0007 -0.0918 0.9957
920.0000 -68.6370 -3.2577 -0.8531 -0.0125 0.0009 -0.0780 0.9969
921.0000 -68.0963 -3.3221 -0.8529 -0.0129 0.0013 -0.0661 0.9977
922.0000 -67.5965 -3.3732 -0.8510 -0.0132 0.0018 -0.0561 0.9983
923.0000 -67.0385 -3.4235 -0.8524 -0.0120 0.0015 -0.0461 0.9989
924.0000 -66.5197 -3.4597 -0.8503 -0.0116 0.0004 -0.0388 0.9992
925.0000 -65.9874 -3.4892 -0.8449 -0.0121 -0.0002 -0.0321 0.9994
926.0000 -65.3845 -3.5123 -0.8404 -0.0125 -0.0003 -0.0244 0.9996
927.0000 -64.8207 -3.5278 -0.8369 -0.0123 -0.0006 -0.0177 0.9998
928.0000 -64.1824 -3.5375 -0.8322 -0.0119 -0.0009 -0.0104 0.9999
929.0000 -63.5851 -3.5423 -0.8269 -0.0108 -0.0006 -0.0035 0.9999
930.0000 -62.9112 -3.5352 -0.8212 -0.0107 -0.0010 0.0033 0.9999
931.0000 -62.2833 -3.5195 -0.8158 -0.0113 -0.0015 0.0083 0.9999
932.0000 -61.6405 -3.4987 -0.8098 -0.0122 -0.0022 0.0124 0.9998
933.0000 -60.9156 -3.4748 -0.8032 -0.0120 -0.0029 0.0158 0.9998
934.0000 -60.2386 -3.4442 -0.7924 -0.0121 -0.0032 0.0179 0.9998
935.0000 -59.4809 -3.4089 -0.7836 -0.0119 -0.0033 0.0197 0.9997
936.0000 -58.7755 -3.3778 -0.7772 -0.0119 -0.0028 0.0211 0.9997
937.0000 -58.0577 -3.3474 -0.7701 -0.0112 -0.0020 0.0224 0.9997
938.0000 -57.2588 -3.3122 -0.7626 -0.0104 -0.0007 0.0241 0.9997
939.0000 -56.5271 -3.2768 -0.7550 -0.0099 0.0005 0.0256 0.9996
940.0000 -55.7199 -3.2338 -0.7478 -0.0097 0.0017 0.0272 0.9996
941.0000 -54.9852 -3.1943 -0.7422 -0.0088 0.0026 0.0288 0.9995
942.0000 -54.2506 -3.1535 -0.7371 -0.0077 0.0030 0.0304 0.9995
943.0000 -53.4425 -3.1029 -0.7330 -0.0066 0.0032 0.0324 0.9994
944.0000 -52.7069 -3.0484 -0.7307 -0.0064 0.0031 0.0342 0.9994
945.0000 -51.8976 -2.9847 -0.7284 -0.0062 0.0029 0.0362 0.9993
946.0000 -51.1612 -2.9253 -0.7254 -0.0062 0.0029 0.0377 0.9993
947.0000 -50.4242 -2.8623 -0.7225 -0.0065 0.0031 0.0387 0.9992
948.0000 -49.6147 -2.7942 -0.7178 -0.0068 0.0029 0.0393 0.9992
949.0000 -48.8785 -2.7298 -0.7136 -0.0074 0.0029 0.0397 0.9992
950.0000 -48.0705 -2.6670 -0.7055 -0.0075 0.0030 0.0398 0.9992
951.0000 -47.3354 -2.6188 -0.6940 -0.0071 0.0033 0.0397 0.9992
952.0000 -46.6025 -2.5653 -0.6834 -0.0070 0.0037 0.0397 0.9992
953.0000 -45.7992 -2.5044 -0.6717 -0.0070 0.0043 0.0397 0.9992
954.0000 -45.0703 -2.4490 -0.6637 -0.0068 0.0048 0.0397 0.9992
955.0000 -44.2724 -2.3884 -0.6547 -0.0068 0.0048 0.0397 0.9992
956.0000 -43.5497 -2.3313 -0.6474 -0.0072 0.0046 0.0396 0.9992
957.0000 -42.8300 -2.2758 -0.6408 -0.0071 0.0043 0.0391 0.9992
958.0000 -42.0431 -2.2188 -0.6336 -0.0066 0.0040 0.0385 0.9992
959.0000 -41.3314 -2.1694 -0.6239 -0.0067 0.0040 0.0378 0.9993
960.0000 -40.5598 -2.1146 -0.6075 -0.0072 0.0037 0.0370 0.9993
961.0000 -39.8648 -2.0696 -0.5951 -0.0059 0.0044 0.0364 0.9993
962.0000 -39.1804 -2.0254 -0.5828 -0.0050 0.0052 0.0358 0.9993
963.0000 -38.4392 -1.9664 -0.5725 -0.0065 0.0063 0.0352 0.9993
964.0000 -37.7782 -1.9206 -0.5598 -0.0068 0.0066 0.0344 0.9994
965.0000 -37.0636 -1.8777 -0.5509 -0.0054 0.0052 0.0343 0.9994
966.0000 -36.4233 -1.8426 -0.5357 -0.0051 0.0042 0.0341 0.9994
967.0000 -35.7931 -1.8013 -0.5241 -0.0063 0.0022 0.0335 0.9994
968.0000 -35.1040 -1.7563 -0.5075 -0.0077 0.0012 0.0333 0.9994
969.0000 -34.4801 -1.7176 -0.4916 -0.0082 0.0010 0.0331 0.9994
970.0000 -33.7988 -1.6773 -0.4748 -0.0082 0.0010 0.0328 0.9994
971.0000 -33.1859 -1.6403 -0.4622 -0.0082 0.0003 0.0326 0.9994
972.0000 -32.5775 -1.6009 -0.4512 -0.0089 -0.0002 0.0325 0.9994
973.0000 -31.9132 -1.5569 -0.4395 -0.0097 -0.0006 0.0325 0.9994
974.0000 -31.3128 -1.5183 -0.4292 -0.0103 -0.0007 0.0325 0.9994
975.0000 -30.6580 -1.4809 -0.4163 -0.0101 -0.0004 0.0328 0.9994
976.0000 -30.0657 -1.4472 -0.4021 -0.0097 0.0000 0.0331 0.9994
977.0000 -29.4795 -1.4122 -0.3824 -0.0095 0.0002 0.0335 0.9994
978.0000 -28.8345 -1.3743 -0.3660 -0.0091 -0.0000 0.0342 0.9994
979.0000 -28.2514 -1.3435 -0.3481 -0.0088 -0.0006 0.0350 0.9993
980.0000 -27.6116 -1.3058 -0.3289 -0.0087 -0.0012 0.0357 0.9993
981.0000 -27.0334 -1.2742 -0.3133 -0.0088 -0.0012 0.0367 0.9993
982.0000 -26.4574 -1.2392 -0.2989 -0.0087 -0.0012 0.0377 0.9993
983.0000 -25.8261 -1.2007 -0.2832 -0.0081 -0.0012 0.0387 0.9992
984.0000 -25.2535 -1.1659 -0.2721 -0.0073 -0.0011 0.0396 0.9992
985.0000 -24.6262 -1.1267 -0.2616 -0.0068 -0.0004 0.0407 0.9991
986.0000 -24.0619 -1.0893 -0.2552 -0.0068 -0.0000 0.0416 0.9991
987.0000 -23.5002 -1.0485 -0.2480 -0.0070 0.0004 0.0424 0.9991
988.0000 -22.8876 -1.0032 -0.2402 -0.0073 0.0011 0.0434 0.9990
989.0000 -22.3375 -0.9614 -0.2326 -0.0073 0.0015 0.0440 0.9990
990.0000 -21.7427 -0.9168 -0.2259 -0.0073 0.0016 0.0443 0.9990
991.0000 -21.2121 -0.8721 -0.2188 -0.0074 0.0016 0.0444 0.9990
992.0000 -20.6903 -0.8324 -0.2143 -0.0080 0.0017 0.0442 0.9990
993.0000 -20.1295 -0.7889 -0.2075 -0.0085 0.0016 0.0434 0.9990
994.0000 -19.6286 -0.7546 -0.2058 -0.0087 0.0016 0.0427 0.9990
995.0000 -19.0910 -0.7188 -0.2022 -0.0084 0.0016 0.0421 0.9991
996.0000 -18.6149 -0.6878 -0.2007 -0.0084 0.0015 0.0413 0.9991
997.0000 -18.1493 -0.6573 -0.1977 -0.0084 0.0010 0.0406 0.9991
998.0000 -17.6477 -0.6242 -0.1956 -0.0086 0.0009 0.0400 0.9992
999.0000 -17.2028 -0.5921 -0.1890 -0.0086 0.0009 0.0394 0.9992
1000.0000 -16.7267 -0.5571 -0.1814 -0.0089 0.0009 0.0388 0.9992
1001.0000 -16.3064 -0.5276 -0.1729 -0.0088 0.0011 0.0382 0.9992
1002.0000 -15.9004 -0.5000 -0.1647 -0.0085 0.0013 0.0377 0.9993
1003.0000 -15.4736 -0.4685 -0.1561 -0.0081 0.0017 0.0372 0.9993
1004.0000 -15.1014 -0.4396 -0.1490 -0.0086 0.0024 0.0367 0.9993
1005.0000 -14.7154 -0.4091 -0.1418 -0.0093 0.0028 0.0362 0.9993
1006.0000 -14.3844 -0.3848 -0.1356 -0.0096 0.0027 0.0357 0.9993
1007.0000 -14.0756 -0.3644 -0.1242 -0.0090 0.0025 0.0354 0.9993
1008.0000 -13.7545 -0.3452 -0.1149 -0.0086 0.0021 0.0350 0.9993
1009.0000 -13.4789 -0.3270 -0.1059 -0.0083 0.0018 0.0347 0.9994
1010.0000 -13.2140 -0.3099 -0.0982 -0.0086 0.0016 0.0344 0.9994
1011.0000 -12.9310 -0.2952 -0.0914 -0.0086 0.0011 0.0342 0.9994
1012.0000 -12.6790 -0.2825 -0.0861 -0.0083 0.0001 0.0340 0.9994
1013.0000 -12.4051 -0.2719 -0.0813 -0.0081 -0.0008 0.0338 0.9994
1014.0000 -12.1566 -0.2610 -0.0767 -0.0081 -0.0010 0.0336 0.9994
1015.0000 -11.9104 -0.2540 -0.0727 -0.0081 -0.0007 0.0336 0.9994
1016.0000 -11.6423 -0.2483 -0.0677 -0.0078 -0.0005 0.0335 0.9994
1017.0000 -11.3993 -0.2375 -0.0638 -0.0075 -0.0003 0.0335 0.9994
1018.0000 -11.1339 -0.2243 -0.0581 -0.0073 -0.0001 0.0335 0.9994
1019.0000 -10.8963 -0.2113 -0.0539 -0.0074 -0.0001 0.0335 0.9994
1020.0000 -10.6574 -0.1990 -0.0531 -0.0073 -0.0001 0.0336 0.9994
1021.0000 -10.3960 -0.1849 -0.0481 -0.0068 -0.0002 0.0341 0.9994
1022.0000 -10.1592 -0.1724 -0.0435 -0.0061 -0.0001 0.0354 0.9994
1023.0000 -9.9001 -0.1553 -0.0378 -0.0059 -0.0001 0.0377 0.9993
1024.0000 -9.6664 -0.1400 -0.0348 -0.0061 -0.0000 0.0407 0.9992
1025.0000 -9.4347 -0.1241 -0.0319 -0.0062 -0.0003 0.0443 0.9990
1026.0000 -9.1809 -0.1038 -0.0294 -0.0069 -0.0003 0.0483 0.9988
1027.0000 -8.9524 -0.0812 -0.0250 -0.0079 -0.0003 0.0511 0.9987
1028.0000 -8.7039 -0.0573 -0.0178 -0.0086 -0.0005 0.0536 0.9985
1029.0000 -8.4773 -0.0365 -0.0143 -0.0082 -0.0007 0.0559 0.9984
1030.0000 -8.2509 -0.0146 -0.0121 -0.0075 -0.0007 0.0584 0.9983
1031.0000 -8.0034 0.0143 -0.0102 -0.0081 -0.0008 0.0605 0.9981
1032.0000 -7.7813 0.0458 -0.0073 -0.0093 -0.0010 0.0616 0.9981
1033.0000 -7.5393 0.0817 -0.0010 -0.0105 -0.0012 0.0619 0.9980
1034.0000 -7.3201 0.1080 0.0031 -0.0105 -0.0013 0.0615 0.9980
1035.0000 -7.1014 0.1322 0.0060 -0.0103 -0.0012 0.0609 0.9981
1036.0000 -6.8619 0.1570 0.0102 -0.0099 -0.0011 0.0600 0.9981
1037.0000 -6.6414 0.1827 0.0183 -0.0100 -0.0009 0.0589 0.9982
1038.0000 -6.4027 0.2106 0.0267 -0.0099 -0.0008 0.0576 0.9983
1039.0000 -6.1876 0.2361 0.0353 -0.0098 -0.0011 0.0564 0.9984
1040.0000 -5.9733 0.2599 0.0432 -0.0097 -0.0011 0.0551 0.9984
1041.0000 -5.7371 0.2848 0.0520 -0.0098 -0.0010 0.0534 0.9985
1042.0000 -5.5227 0.3046 0.0591 -0.0097 -0.0010 0.0516 0.9986
1043.0000 -5.2861 0.3231 0.0646 -0.0097 -0.0010 0.0494 0.9987
1044.0000 -5.0682 0.3394 0.0687 -0.0096 -0.0014 0.0475 0.9988
1045.0000 -4.8424 0.3556 0.0732 -0.0096 -0.0023 0.0455 0.9989
1046.0000 -4.5812 0.3695 0.0752 -0.0093 -0.0030 0.0431 0.9990
1047.0000 -4.3324 0.3832 0.0778 -0.0091 -0.0032 0.0409 0.9991
1048.0000 -4.0460 0.3962 0.0798 -0.0089 -0.0030 0.0383 0.9992
1049.0000 -3.7750 0.4079 0.0831 -0.0085 -0.0029 0.0360 0.9993
1050.0000 -3.4937 0.4157 0.0874 -0.0076 -0.0024 0.0336 0.9994
1051.0000 -3.1745 0.4269 0.0931 -0.0067 -0.0016 0.0308 0.9995
1052.0000 -2.8766 0.4405 0.0971 -0.0062 -0.0010 0.0285 0.9996
1053.0000 -2.5416 0.4525 0.1006 -0.0057 -0.0006 0.0260 0.9996
1054.0000 -2.2292 0.4610 0.1013 -0.0058 -0.0003 0.0240 0.9997
1055.0000 -1.9079 0.4693 0.1035 -0.0058 0.0002 0.0219 0.9997
1056.0000 -1.5468 0.4778 0.1080 -0.0053 0.0008 0.0198 0.9998
1057.0000 -1.2102 0.4829 0.1123 -0.0045 0.0010 0.0181 0.9998
1058.0000 -0.8335 0.4851 0.1148 -0.0032 0.0001 0.0167 0.9999
1059.0000 -0.4814 0.4895 0.1171 -0.0026 -0.0010 0.0159 0.9999
1060.0000 -0.1198 0.4980 0.1191 -0.0032 -0.0022 0.0153 0.9999
1061.0000 0.2910 0.5106 0.1202 -0.0050 -0.0021 0.0139 0.9999
1062.0000 0.6776 0.5031 0.1093 -0.0074 -0.0016 0.0114 0.9999
1063.0000 1.0700 0.4687 0.0885 -0.0067 -0.0011 0.0076 0.9999
1064.0000 1.4970 0.4279 0.0807 -0.0022 -0.0010 0.0034 1.0000
1065.0000 1.8803 0.3832 0.0759 0.0020 -0.0022 0.0016 1.0000
1066.0000 2.2942 0.3617 0.0797 0.0039 -0.0039 0.0033 1.0000
1067.0000 2.6689 0.3566 0.0785 0.0021 -0.0050 0.0087 0.9999
1068.0000 3.0362 0.3691 0.0763 -0.0003 -0.0068 0.0167 0.9998
1069.0000 3.4367 0.3913 0.0748 -0.0042 -0.0087 0.0259 0.9996
1070.0000 3.7983 0.4116 0.0768 -0.0045 -0.0097 0.0350 0.9993
1071.0000 4.1577 0.4318 0.0827 -0.0025 -0.0098 0.0461 0.9989
1072.0000 4.5521 0.4736 0.0949 -0.0026 -0.0066 0.0589 0.9982
1073.0000 4.9045 0.5320 0.1077 -0.0052 -0.0034 0.0712 0.9974
1074.0000 5.2811 0.6061 0.1162 -0.0079 -0.0016 0.0851 0.9963
1075.0000 5.6162 0.6788 0.1222 -0.0090 -0.0008 0.0977 0.9952
1076.0000 5.9492 0.7523 0.1268 -0.0094 0.0007 0.1094 0.9940
1077.0000 6.3113 0.8406 0.1317 -0.0090 0.0023 0.1205 0.9927
1078.0000 6.6344 0.9342 0.1368 -0.0111 0.0038 0.1274 0.9918
1079.0000 6.9867 1.0408 0.1428 -0.0148 0.0053 0.1316 0.9912
1080.0000 7.3054 1.1296 0.1431 -0.0169 0.0064 0.1327 0.9910
1081.0000 7.6208 1.2112 0.1428 -0.0177 0.0063 0.1306 0.9913
1082.0000 7.9637 1.2874 0.1434 -0.0165 0.0064 0.1264 0.9918
1083.0000 8.2569 1.3417 0.1446 -0.0137 0.0083 0.1225 0.9923
1084.0000 8.5419 1.3936 0.1423 -0.0122 0.0096 0.1175 0.9930
1085.0000 8.7626 1.4405 0.1432 -0.0129 0.0103 0.1125 0.9935
1086.0000 8.9517 1.4767 0.1465 -0.0134 0.0104 0.1078 0.9940
1087.0000 9.1189 1.5048 0.1485 -0.0132 0.0098 0.1027 0.9946
1088.0000 9.2398 1.5207 0.1479 -0.0120 0.0093 0.0989 0.9950
1089.0000 9.3359 1.5348 0.1470 -0.0111 0.0088 0.0962 0.9953
1090.0000 9.3899 1.5464 0.1469 -0.0113 0.0084 0.0943 0.9954
1091.0000 9.4144 1.5554 0.1465 -0.0117 0.0076 0.0933 0.9955
1092.0000 9.4135 1.5562 0.1466 -0.0117 0.0074 0.0935 0.9955
1093.0000 9.3959 1.5570 0.1493 -0.0119 0.0063 0.0937 0.9955
1094.0000 9.3871 1.5580 0.1531 -0.0120 0.0037 0.0935 0.9955
1095.0000 9.3844 1.5605 0.1538 -0.0118 0.0023 0.0936 0.9955
1096.0000 9.3808 1.5612 0.1510 -0.0117 0.0025 0.0936 0.9955
1097.0000 9.3779 1.5634 0.1481 -0.0117 0.0029 0.0935 0.9955
1098.0000 9.3794 1.5637 0.1483 -0.0117 0.0031 0.0937 0.9955
1099.0000 9.3785 1.5640 0.1477 -0.0119 0.0035 0.0936 0.9955
1100.0000 9.3758 1.5638 0.1464 -0.0119 0.0034 0.0936 0.9955
