0.0000 -0.0000 -0.0000 0.0000 0.0000 -0.0000 0.0000 1.0000
1.0000 0.1216 -0.0067 -0.0016 -0.0007 -0.0004 -0.0073 1.0000
2.0000 0.2733 -0.0190 -0.0032 -0.0022 -0.0001 -0.0184 0.9998
3.0000 0.4289 -0.0389 -0.0052 -0.0031 0.0007 -0.0312 0.9995
4.0000 0.5957 -0.0713 -0.0068 -0.0031 0.0019 -0.0472 0.9989
5.0000 0.7916 -0.1224 -0.0097 -0.0018 0.0032 -0.0672 0.9977
6.0000 0.9799 -0.1820 -0.0134 -0.0004 0.0035 -0.0862 0.9963
7.0000 1.1993 -0.2541 -0.0188 -0.0005 0.0044 -0.1094 0.9940
8.0000 1.4084 -0.3299 -0.0235 -0.0009 0.0058 -0.1328 0.9911
9.0000 1.6473 -0.4365 -0.0222 -0.0000 0.0097 -0.1589 0.9873
10.0000 1.8660 -0.5622 -0.0214 0.0039 0.0132 -0.1824 0.9831
11.0000 2.0850 -0.6960 -0.0252 0.0061 0.0151 -0.2081 0.9780
12.0000 2.3312 -0.8549 -0.0302 0.0060 0.0172 -0.2378 0.9712
13.0000 2.5569 -1.0199 -0.0363 0.0060 0.0196 -0.2647 0.9641
14.0000 2.8017 -1.2283 -0.0449 0.0076 0.0216 -0.2949 0.9553
15.0000 3.0191 -1.4386 -0.0525 0.0095 0.0228 -0.3227 0.9462
16.0000 3.2351 -1.6696 -0.0638 0.0108 0.0238 -0.3498 0.9365
17.0000 3.4711 -1.9488 -0.0821 0.0121 0.0239 -0.3786 0.9252
18.0000 3.6856 -2.2240 -0.1006 0.0126 0.0241 -0.4043 0.9142
19.0000 3.9255 -2.5507 -0.1215 0.0114 0.0260 -0.4313 0.9017
20.0000 4.1390 -2.8754 -0.1400 0.0109 0.0271 -0.4541 0.8905
21.0000 4.3461 -3.2288 -0.1597 0.0108 0.0277 -0.4750 0.8795
22.0000 4.5716 -3.6485 -0.1800 0.0112 0.0288 -0.4962 0.8677
23.0000 4.7740 -4.0557 -0.2022 0.0104 0.0294 -0.5141 0.8572
24.0000 4.9698 -4.4882 -0.2266 0.0099 0.0291 -0.5309 0.8469
25.0000 5.1742 -4.9973 -0.2558 0.0099 0.0271 -0.5476 0.8363
26.0000 5.3541 -5.4875 -0.2844 0.0101 0.0251 -0.5605 0.8277
27.0000 5.5336 -6.0044 -0.3133 0.0100 0.0234 -0.5716 0.8201
28.0000 5.7313 -6.6037 -0.3446 0.0102 0.0223 -0.5812 0.8134
29.0000 5.9107 -7.1762 -0.3719 0.0107 0.0220 -0.5875 0.8089
30.0000 6.1102 -7.8337 -0.4017 0.0117 0.0220 -0.5927 0.8051
31.0000 6.2965 -8.4553 -0.4301 0.0120 0.0232 -0.5971 0.8017
32.0000 6.4840 -9.0988 -0.4607 0.0120 0.0245 -0.6014 0.7985
33.0000 6.6871 -9.8311 -0.4966 0.0124 0.0255 -0.6058 0.7951
34.0000 6.8699 -10.5197 -0.5307 0.0127 0.0266 -0.6098 0.7920
35.0000 7.0492 -11.2263 -0.5680 0.0132 0.0272 -0.6140 0.7887
36.0000 7.2425 -12.0243 -0.6122 0.0137 0.0276 -0.6184 0.7853
37.0000 7.4154 -12.7655 -0.6540 0.0143 0.0292 -0.6224 0.7820
38.0000 7.5841 -13.5168 -0.6985 0.0147 0.0310 -0.6267 0.7785
39.0000 7.7587 -14.3523 -0.7476 0.0160 0.0332 -0.6318 0.7743
40.0000 7.9074 -15.1170 -0.7933 0.0165 0.0343 -0.6367 0.7702
41.0000 8.0590 -15.9626 -0.8442 0.0166 0.0345 -0.6425 0.7654
42.0000 8.1868 -16.7362 -0.8923 0.0160 0.0344 -0.6478 0.7608
43.0000 8.3015 -17.5164 -0.9390 0.0156 0.0341 -0.6539 0.7557
44.0000 8.4116 -18.3793 -0.9881 0.0142 0.0341 -0.6621 0.7485
45.0000 8.4964 -19.1704 -1.0332 0.0125 0.0350 -0.6712 0.7404
46.0000 8.5604 -19.9662 -1.0782 0.0112 0.0360 -0.6818 0.7306
47.0000 8.5982 -20.8465 -1.1264 0.0100 0.0366 -0.6944 0.7186
48.0000 8.6037 -21.6502 -1.1672 0.0094 0.0368 -0.7062 0.7070
49.0000 8.5768 -22.5363 -1.2112 -0.0088 -0.0363 0.7188 -0.6943
50.0000 8.5274 -23.3428 -1.2498 -0.0075 -0.0358 0.7297 -0.6828
51.0000 8.4545 -24.1491 -1.2867 -0.0057 -0.0356 0.7403 -0.6713
52.0000 8.3385 -25.0327 -1.3242 -0.0050 -0.0329 0.7518 -0.6586
53.0000 8.2019 -25.8318 -1.3557 -0.0050 -0.0292 0.7619 -0.6470
54.0000 8.0233 -26.7063 -1.3838 -0.0047 -0.0246 0.7724 -0.6346
55.0000 7.8361 -27.4984 -1.4046 -0.0050 -0.0209 0.7814 -0.6237
56.0000 7.6207 -28.2875 -1.4198 -0.0061 -0.0165 0.7900 -0.6128
57.0000 7.3638 -29.1456 -1.4284 -0.0047 -0.0114 0.7988 -0.6014
58.0000 7.1142 -29.9100 -1.4311 -0.0004 -0.0054 0.8065 -0.5911
59.0000 6.8529 -30.6642 -1.4279 0.0063 0.0003 0.8139 -0.5809
60.0000 6.5476 -31.4866 -1.4137 0.0136 0.0051 0.8220 -0.5692
61.0000 6.2462 -32.2280 -1.3849 0.0170 0.0091 0.8292 -0.5586
62.0000 5.8904 -33.0372 -1.3428 0.0178 0.0111 0.8367 -0.5472
63.0000 5.5497 -33.7645 -1.3003 0.0165 0.0118 0.8432 -0.5372
64.0000 5.1912 -34.4844 -1.2563 0.0133 0.0114 0.8491 -0.5279
65.0000 4.7771 -35.2607 -1.2098 0.0089 0.0125 0.8548 -0.5188
66.0000 4.3947 -35.9531 -1.1701 0.0079 0.0140 0.8587 -0.5122
67.0000 4.0104 -36.6356 -1.1348 0.0080 0.0157 0.8619 -0.5068
68.0000 3.5836 -37.3746 -1.0968 0.0087 0.0171 0.8649 -0.5015
69.0000 3.1996 -38.0426 -1.0582 0.0116 0.0154 0.8678 -0.4965
70.0000 2.7659 -38.7769 -1.0149 0.0115 0.0139 0.8713 -0.4904
71.0000 2.3533 -39.4314 -0.9783 0.0113 0.0151 0.8737 -0.4860
72.0000 1.9309 -40.0882 -0.9395 0.0111 0.0170 0.8757 -0.4824
73.0000 1.4601 -40.8227 -0.8982 0.0126 0.0182 0.8769 -0.4802
74.0000 1.0236 -41.5031 -0.8621 0.0136 0.0187 0.8768 -0.4802
75.0000 0.5775 -42.2003 -0.8206 0.0128 0.0195 0.8760 -0.4817
76.0000 0.0876 -42.9888 -0.7743 0.0127 0.0186 0.8743 -0.4849
77.0000 -0.3567 -43.7243 -0.7328 0.0132 0.0178 0.8724 -0.4883
78.0000 -0.8036 -44.4757 -0.6912 0.0137 0.0172 0.8705 -0.4917
79.0000 -1.2970 -45.3218 -0.6442 0.0142 0.0160 0.8686 -0.4951
80.0000 -1.7471 -46.1098 -0.5994 0.0153 0.0143 0.8673 -0.4974
81.0000 -2.2466 -46.9957 -0.5469 0.0160 0.0120 0.8668 -0.4983
82.0000 -2.7100 -47.8140 -0.4991 0.0163 0.0104 0.8669 -0.4981
83.0000 -3.1822 -48.6408 -0.4513 0.0163 0.0095 0.8672 -0.4976
84.0000 -3.7117 -49.5624 -0.4012 0.0160 0.0093 0.8673 -0.4974
85.0000 -4.2003 -50.4096 -0.3570 0.0157 0.0090 0.8674 -0.4973
86.0000 -4.6943 -51.2670 -0.3118 0.0153 0.0089 0.8674 -0.4973
87.0000 -5.2423 -52.2163 -0.2613 0.0152 0.0087 0.8674 -0.4972
88.0000 -5.7407 -53.0861 -0.2138 0.0153 0.0078 0.8675 -0.4972
89.0000 -6.2897 -54.0399 -0.1604 0.0150 0.0073 0.8675 -0.4972
90.0000 -6.7861 -54.9042 -0.1103 0.0153 0.0068 0.8673 -0.4975
91.0000 -7.2818 -55.7682 -0.0612 0.0148 0.0063 0.8670 -0.4980
92.0000 -7.8259 -56.7190 -0.0075 0.0134 0.0058 0.8664 -0.4991
93.0000 -8.3178 -57.5834 0.0396 0.0125 0.0054 0.8657 -0.5003
94.0000 -8.8057 -58.4456 0.0846 0.0122 0.0054 0.8651 -0.5014
95.0000 -9.3391 -59.3908 0.1335 0.0121 0.0058 0.8644 -0.5026
96.0000 -9.8206 -60.2488 0.1777 0.0123 0.0058 0.8642 -0.5030
97.0000 -10.3451 -61.1872 0.2284 0.0134 0.0060 0.8644 -0.5027
98.0000 -10.8203 -62.0359 0.2745 0.0148 0.0061 0.8651 -0.5013
99.0000 -11.2976 -62.8787 0.3214 0.0158 0.0060 0.8663 -0.4992
100.0000 -11.8307 -63.8004 0.3733 0.0149 0.0057 0.8680 -0.4963
101.0000 -12.3233 -64.6289 0.4245 0.0129 0.0054 0.8695 -0.4937
102.0000 -12.8616 -65.5355 0.4773 0.0132 0.0040 0.8711 -0.4909
103.0000 -13.3555 -66.3471 0.5237 0.0136 0.0054 0.8725 -0.4885
104.0000 -13.8513 -67.1533 0.5702 0.0147 0.0062 0.8738 -0.4861
105.0000 -14.3962 -68.0356 0.6234 0.0156 0.0056 0.8752 -0.4834
106.0000 -14.8958 -68.8316 0.6719 0.0164 0.0055 0.8763 -0.4815
107.0000 -15.3998 -69.6243 0.7187 0.0158 0.0055 0.8772 -0.4799
108.0000 -15.9613 -70.4969 0.7672 0.0119 0.0040 0.8780 -0.4786
109.0000 -16.4711 -71.2890 0.8098 0.0075 0.0014 0.8786 -0.4775
110.0000 -17.0268 -72.1498 0.8460 0.0055 0.0000 0.8791 -0.4766
111.0000 -17.5274 -72.9181 0.8738 0.0087 0.0024 0.8794 -0.4760
112.0000 -18.0302 -73.6818 0.9061 0.0109 0.0045 0.8797 -0.4754
113.0000 -18.5888 -74.5228 0.9438 0.0103 0.0075 0.8798 -0.4751
114.0000 -19.0945 -75.2853 0.9854 0.0087 0.0086 0.8798 -0.4752
115.0000 -19.5948 -76.0527 1.0242 0.0077 0.0076 0.8796 -0.4755
116.0000 -20.1436 -76.8968 1.0609 0.0059 0.0061 0.8794 -0.4760
117.0000 -20.6390 -77.6666 1.0955 0.0040 0.0035 0.8792 -0.4764
118.0000 -21.1700 -78.5126 1.1267 0.0050 -0.0011 0.8790 -0.4768
119.0000 -21.6508 -79.2795 1.1473 0.0065 -0.0042 0.8786 -0.4775
120.0000 -22.1415 -80.0393 1.1692 0.0052 -0.0037 0.8781 -0.4785
121.0000 -22.6794 -80.8699 1.1948 0.0043 -0.0017 0.8771 -0.4803
122.0000 -23.1609 -81.6266 1.2135 0.0053 0.0003 0.8757 -0.4827
123.0000 -23.6417 -82.3868 1.2308 0.0038 0.0026 0.8737 -0.4865
124.0000 -24.1644 -83.2274 1.2549 0.0011 0.0052 0.8712 -0.4909
125.0000 -24.6198 -83.9976 1.2688 0.0020 0.0050 0.8685 -0.4957
126.0000 -25.1064 -84.8561 1.2836 0.0020 0.0038 0.8652 -0.5015
127.0000 -25.5438 -85.6381 1.2976 0.0004 0.0028 0.8619 -0.5070
128.0000 -25.9678 -86.4228 1.3112 -0.0002 0.0024 0.8588 -0.5124
129.0000 -26.4214 -87.2910 1.3202 -0.0008 0.0025 0.8551 -0.5184
130.0000 -26.8261 -88.0809 1.3330 -0.0013 0.0036 0.8517 -0.5240
131.0000 -27.2143 -88.8735 1.3521 0.0001 0.0040 0.8483 -0.5295
132.0000 -27.6298 -89.7405 1.3694 0.0037 0.0085 0.8446 -0.5353
133.0000 -27.9983 -90.5365 1.3885 0.0060 0.0103 0.8410 -0.5409
134.0000 -28.3880 -91.4273 1.4207 0.0048 0.0086 0.8373 -0.5467
135.0000 -28.7335 -92.2396 1.4504 0.0037 0.0072 0.8338 -0.5520
136.0000 -29.0648 -93.0483 1.4786 0.0052 0.0066 0.8309 -0.5563
137.0000 -29.4149 -93.9380 1.5098 0.0090 0.0065 0.8286 -0.5598
138.0000 -29.7249 -94.7469 1.5388 0.0138 0.0065 0.8271 -0.5619
139.0000 -30.0362 -95.5593 1.5747 0.0158 0.0062 0.8260 -0.5634
140.0000 -30.3768 -96.4552 1.6191 0.0165 0.0055 0.8248 -0.5652
141.0000 -30.6852 -97.2686 1.6574 0.0165 0.0058 0.8234 -0.5673
142.0000 -31.0177 -98.1692 1.7022 0.0158 0.0041 0.8215 -0.5699
143.0000 -31.3143 -98.9908 1.7444 0.0143 0.0025 0.8200 -0.5722
144.0000 -31.6047 -99.8111 1.7852 0.0134 0.0015 0.8183 -0.5746
145.0000 -31.9057 -100.7150 1.8249 0.0160 -0.0015 0.8164 -0.5773
146.0000 -32.1715 -101.5361 1.8602 0.0194 -0.0038 0.8145 -0.5798
147.0000 -32.4426 -102.3533 1.8977 0.0201 -0.0026 0.8125 -0.5826
148.0000 -32.7397 -103.2513 1.9373 0.0205 -0.0004 0.8102 -0.5858
149.0000 -32.9990 -104.0764 1.9743 0.0202 -0.0010 0.8082 -0.5886
150.0000 -33.2825 -104.9884 2.0197 0.0182 -0.0030 0.8060 -0.5917
151.0000 -33.5327 -105.8206 2.0608 0.0174 -0.0043 0.8039 -0.5945
152.0000 -33.7749 -106.6464 2.0942 0.0192 -0.0038 0.8019 -0.5972
153.0000 -34.0335 -107.5583 2.1352 0.0204 -0.0030 0.7998 -0.5999
154.0000 -34.2637 -108.3887 2.1732 0.0215 -0.0028 0.7977 -0.6026
155.0000 -34.5106 -109.3076 2.2175 0.0210 -0.0034 0.7954 -0.6057
156.0000 -34.7357 -110.1420 2.2566 0.0197 -0.0023 0.7931 -0.6088
157.0000 -34.9570 -110.9766 2.2949 0.0185 -0.0009 0.7907 -0.6119
158.0000 -35.1870 -111.8970 2.3360 0.0179 -0.0003 0.7885 -0.6148
159.0000 -35.3813 -112.7370 2.3735 0.0198 -0.0023 0.7864 -0.6174
160.0000 -35.5703 -113.5800 2.4105 0.0206 -0.0040 0.7846 -0.6197
161.0000 -35.7839 -114.5041 2.4510 0.0195 -0.0035 0.7830 -0.6217
162.0000 -35.9746 -115.3448 2.4877 0.0189 -0.0030 0.7815 -0.6236
163.0000 -36.1788 -116.2677 2.5288 0.0194 -0.0018 0.7799 -0.6255
164.0000 -36.3688 -117.1111 2.5625 0.0165 -0.0005 0.7782 -0.6278
165.0000 -36.5583 -117.9538 2.5956 0.0132 0.0014 0.7766 -0.6298
166.0000 -36.7527 -118.8810 2.6360 0.0117 0.0019 0.7750 -0.6319
167.0000 -36.9182 -119.7210 2.6672 0.0131 0.0021 0.7736 -0.6335
168.0000 -37.0812 -120.5602 2.6966 0.0143 0.0024 0.7724 -0.6349
169.0000 -37.2559 -121.4858 2.7358 0.0149 0.0011 0.7718 -0.6357
170.0000 -37.4154 -122.3274 2.7691 0.0147 0.0005 0.7715 -0.6360
171.0000 -37.5976 -123.2535 2.8034 0.0125 0.0000 0.7711 -0.6365
172.0000 -37.7600 -124.0957 2.8357 0.0106 -0.0021 0.7708 -0.6370
173.0000 -37.9207 -124.9330 2.8648 0.0096 -0.0032 0.7706 -0.6373
174.0000 -38.0968 -125.8413 2.8920 0.0115 -0.0013 0.7701 -0.6378
175.0000 -38.2557 -126.6651 2.9171 0.0131 0.0002 0.7700 -0.6379
176.0000 -38.4106 -127.4923 2.9440 0.0138 -0.0011 0.7701 -0.6378
177.0000 -38.5810 -128.3993 2.9817 0.0142 -0.0018 0.7699 -0.6381
178.0000 -38.7420 -129.2214 3.0147 0.0129 -0.0012 0.7698 -0.6382
179.0000 -38.9133 -130.1180 3.0445 0.0142 -0.0001 0.7694 -0.6386
180.0000 -39.0479 -130.9329 3.0791 0.0179 -0.0022 0.7694 -0.6385
181.0000 -39.1841 -131.7434 3.1134 0.0208 -0.0042 0.7693 -0.6386
182.0000 -39.3449 -132.6279 3.1509 0.0214 -0.0021 0.7691 -0.6388
183.0000 -39.4923 -133.4276 3.1881 0.0209 -0.0015 0.7690 -0.6389
184.0000 -39.6501 -134.3008 3.2285 0.0217 -0.0010 0.7684 -0.6396
185.0000 -39.8018 -135.0962 3.2644 0.0185 0.0010 0.7679 -0.6403
186.0000 -39.9523 -135.8854 3.3004 0.0152 0.0022 0.7668 -0.6417
187.0000 -40.1106 -136.7572 3.3406 0.0113 0.0016 0.7662 -0.6425
188.0000 -40.2452 -137.5395 3.3717 0.0107 0.0019 0.7651 -0.6439
189.0000 -40.3771 -138.3149 3.4039 0.0117 0.0042 0.7634 -0.6458
190.0000 -40.5131 -139.1644 3.4364 0.0126 0.0054 0.7613 -0.6483
191.0000 -40.6287 -139.9331 3.4624 0.0131 0.0065 0.7586 -0.6514
192.0000 -40.7358 -140.7083 3.4977 0.0108 0.0052 0.7556 -0.6549
193.0000 -40.8476 -141.5545 3.5363 0.0084 0.0059 0.7514 -0.6597
194.0000 -40.9420 -142.3183 3.5657 0.0077 0.0086 0.7470 -0.6647
195.0000 -41.0267 -143.1557 3.5966 0.0081 0.0091 0.7419 -0.6704
196.0000 -41.0941 -143.9159 3.6257 0.0074 0.0098 0.7374 -0.6754
197.0000 -41.1530 -144.6663 3.6575 0.0076 0.0110 0.7329 -0.6802
198.0000 -41.2023 -145.4854 3.6968 0.0107 0.0121 0.7279 -0.6855
199.0000 -41.2280 -146.2193 3.7314 0.0162 0.0133 0.7236 -0.6899
200.0000 -41.2477 -146.9519 3.7677 0.0206 0.0149 0.7189 -0.6947
201.0000 -41.2623 -147.7632 3.8140 0.0213 0.0155 0.7139 -0.6998
202.0000 -41.2616 -148.5054 3.8622 0.0210 0.0130 0.7098 -0.7040
203.0000 -41.2453 -149.3117 3.9163 -0.0214 -0.0103 -0.7058 0.7081
204.0000 -41.2228 -150.0310 3.9626 -0.0246 -0.0113 -0.7025 0.7112
205.0000 -41.1966 -150.7460 4.0046 -0.0283 -0.0135 -0.7000 0.7135
206.0000 -41.1611 -151.5357 4.0506 -0.0308 -0.0135 -0.6986 0.7147
207.0000 -41.1344 -152.2639 4.1026 -0.0303 -0.0116 -0.6986 0.7148
208.0000 -41.1065 -153.0633 4.1662 -0.0291 -0.0085 -0.6993 0.7142
209.0000 -41.0836 -153.7887 4.2136 -0.0276 -0.0081 -0.7004 0.7132
210.0000 -41.0634 -154.5095 4.2548 -0.0269 -0.0091 -0.7013 0.7123
211.0000 -41.0479 -155.2985 4.3068 -0.0266 -0.0096 -0.7027 0.7109
212.0000 -41.0287 -156.0220 4.3565 -0.0263 -0.0083 -0.7044 0.7093
213.0000 -41.0180 -156.8124 4.4034 -0.0267 -0.0087 -0.7063 0.7074
214.0000 -41.0101 -157.5321 4.4502 0.0265 0.0075 0.7083 -0.7053
215.0000 -41.0082 -158.2496 4.5010 0.0247 0.0066 0.7104 -0.7033
216.0000 -41.0091 -159.0267 4.5470 0.0252 0.0069 0.7123 -0.7013
217.0000 -41.0113 -159.7318 4.5896 0.0261 0.0067 0.7142 -0.6995
218.0000 -41.0170 -160.4315 4.6362 0.0272 0.0070 0.7156 -0.6980
219.0000 -41.0280 -161.1955 4.6880 0.0280 0.0077 0.7165 -0.6970
220.0000 -41.0435 -161.8836 4.7287 0.0278 0.0093 0.7171 -0.6963
221.0000 -41.0596 -162.6470 4.7797 0.0260 0.0101 0.7169 -0.6966
222.0000 -41.0729 -163.3389 4.8285 0.0237 0.0096 0.7157 -0.6979
223.0000 -41.0773 -164.0225 4.8766 0.0230 0.0097 0.7134 -0.7003
224.0000 -41.0800 -164.7663 4.9243 0.0222 0.0113 0.7093 -0.7045
225.0000 -41.0721 -165.4371 4.9641 -0.0212 -0.0124 -0.7043 0.7094
226.0000 -41.0496 -166.1040 5.0020 -0.0206 -0.0120 -0.6991 0.7146
227.0000 -41.0038 -166.8332 5.0449 -0.0204 -0.0082 -0.6930 0.7206
228.0000 -40.9577 -167.4910 5.0841 -0.0184 -0.0058 -0.6872 0.7262
229.0000 -40.9050 -168.1452 5.1194 -0.0161 -0.0033 -0.6813 0.7318
230.0000 -40.8342 -168.8583 5.1546 -0.0132 -0.0004 -0.6744 0.7382
231.0000 -40.7563 -169.4966 5.1837 -0.0119 0.0025 -0.6682 0.7439
232.0000 -40.6615 -170.1880 5.2100 -0.0110 0.0038 -0.6611 0.7502
233.0000 -40.5686 -170.8119 5.2281 -0.0099 0.0033 -0.6545 0.7560
234.0000 -40.4630 -171.4202 5.2409 -0.0100 0.0040 -0.6480 0.7616
235.0000 -40.3318 -172.0861 5.2555 -0.0112 0.0057 -0.6413 0.7672
236.0000 -40.2078 -172.6859 5.2652 -0.0108 0.0082 -0.6358 0.7717
237.0000 -40.0843 -173.2866 5.2763 -0.0086 0.0086 -0.6311 0.7756
238.0000 -39.9419 -173.9396 5.2866 -0.0070 0.0078 -0.6265 0.7793
239.0000 -39.7946 -174.5197 5.2951 -0.0094 0.0082 -0.6227 0.7824
240.0000 -39.6278 -175.1492 5.3043 -0.0132 0.0073 -0.6188 0.7854
241.0000 -39.4834 -175.7152 5.3098 -0.0161 0.0032 -0.6152 0.7882
242.0000 -39.3412 -176.2849 5.3160 -0.0164 -0.0016 -0.6119 0.7908
243.0000 -39.1739 -176.9166 5.3234 -0.0154 -0.0017 -0.6090 0.7930
244.0000 -39.0043 -177.4986 5.3391 -0.0141 0.0023 -0.6067 0.7948
245.0000 -38.8323 -178.0823 5.3556 -0.0120 0.0078 -0.6049 0.7961
246.0000 -38.6429 -178.7254 5.3749 -0.0097 0.0127 -0.6040 0.7968
247.0000 -38.4809 -179.3032 5.3822 -0.0081 0.0116 -0.6036 0.7971
248.0000 -38.3030 -179.9344 5.3854 -0.0078 0.0089 -0.6031 0.7976
249.0000 -38.1427 -180.5095 5.3819 -0.0064 0.0077 -0.6024 0.7981
250.0000 -37.9742 -181.0876 5.3791 -0.0068 0.0091 -0.6017 0.7986
251.0000 -37.7845 -181.7278 5.3818 -0.0054 0.0108 -0.6006 0.7995
252.0000 -37.6046 -182.3178 5.3879 -0.0037 0.0129 -0.5993 0.8004
253.0000 -37.4216 -182.9114 5.3909 -0.0023 0.0138 -0.5977 0.8016
254.0000 -37.2158 -183.5648 5.3893 -0.0011 0.0136 -0.5949 0.8037
255.0000 -37.0249 -184.1604 5.3866 0.0004 0.0141 -0.5917 0.8060
256.0000 -36.8100 -184.8113 5.3809 0.0018 0.0140 -0.5874 0.8092
257.0000 -36.6034 -185.3995 5.3755 0.0010 0.0138 -0.5828 0.8125
258.0000 -36.3838 -185.9851 5.3709 -0.0005 0.0129 -0.5781 0.8159
259.0000 -36.1360 -186.6349 5.3647 -0.0019 0.0117 -0.5728 0.8196
260.0000 -35.8992 -187.2328 5.3633 -0.0018 0.0110 -0.5678 0.8231
261.0000 -35.6532 -187.8363 5.3629 -0.0005 0.0118 -0.5629 0.8264
262.0000 -35.3666 -188.4917 5.3623 -0.0004 0.0132 -0.5577 0.8299
263.0000 -35.1013 -189.0855 5.3563 -0.0005 0.0140 -0.5527 0.8332
264.0000 -34.8012 -189.7491 5.3495 -0.0014 0.0167 -0.5481 0.8362
265.0000 -34.5234 -190.3526 5.3416 -0.0028 0.0174 -0.5449 0.8383
266.0000 -34.2413 -190.9696 5.3370 -0.0023 0.0190 -0.5429 0.8395
267.0000 -33.9345 -191.6628 5.3264 -0.0001 0.0199 -0.5417 0.8403
268.0000 -33.6575 -192.2856 5.3127 0.0007 0.0171 -0.5416 0.8404
269.0000 -33.3728 -192.9163 5.2987 0.0011 0.0168 -0.5422 0.8401
270.0000 -33.0604 -193.6249 5.2850 0.0018 0.0145 -0.5426 0.8399
271.0000 -32.7786 -194.2843 5.2733 0.0033 0.0132 -0.5427 0.8398
272.0000 -32.4637 -195.0132 5.2606 0.0063 0.0148 -0.5429 0.8396
273.0000 -32.1757 -195.6758 5.2485 0.0073 0.0158 -0.5434 0.8393
274.0000 -31.8845 -196.3375 5.2369 0.0081 0.0169 -0.5441 0.8388
275.0000 -31.5631 -197.0668 5.2166 0.0082 0.0172 -0.5448 0.8384
276.0000 -31.2696 -197.7289 5.1979 0.0078 0.0178 -0.5456 0.8378
277.0000 -30.9500 -198.4559 5.1791 0.0073 0.0178 -0.5465 0.8373
278.0000 -30.6628 -199.1147 5.1615 0.0065 0.0163 -0.5470 0.8369
279.0000 -30.3796 -199.7714 5.1384 0.0050 0.0132 -0.5474 0.8368
280.0000 -30.0615 -200.4949 5.1155 0.0031 0.0125 -0.5479 0.8365
281.0000 -29.7697 -201.1564 5.0988 0.0035 0.0143 -0.5485 0.8360
282.0000 -29.4793 -201.8184 5.0822 0.0039 0.0167 -0.5490 0.8357
283.0000 -29.1587 -202.5427 5.0661 0.0027 0.0184 -0.5501 0.8349
284.0000 -28.8704 -203.2023 5.0486 0.0017 0.0195 -0.5521 0.8335
285.0000 -28.5669 -203.9307 5.0268 0.0022 0.0196 -0.5552 0.8315
286.0000 -28.2977 -204.5947 5.0107 0.0023 0.0198 -0.5590 0.8289
287.0000 -28.0392 -205.2589 4.9974 0.0027 0.0187 -0.5632 0.8261
288.0000 -27.7587 -205.9929 4.9846 0.0017 0.0172 -0.5682 0.8227
289.0000 -27.5073 -206.6625 4.9721 0.0005 0.0180 -0.5730 0.8193
290.0000 -27.2698 -207.3419 4.9589 0.0039 0.0196 -0.5776 0.8160
291.0000 -27.0222 -208.0961 4.9421 0.0086 0.0215 -0.5815 0.8132
292.0000 -26.7964 -208.7758 4.9188 0.0107 0.0233 -0.5845 0.8110
293.0000 -26.5424 -209.5218 4.8888 0.0092 0.0263 -0.5866 0.8094
294.0000 -26.3221 -210.2046 4.8606 0.0100 0.0269 -0.5876 0.8087
295.0000 -26.0990 -210.8950 4.8307 0.0106 0.0267 -0.5882 0.8082
296.0000 -25.8516 -211.6506 4.7928 0.0101 0.0260 -0.5887 0.8079
297.0000 -25.6218 -212.3393 4.7583 0.0083 0.0263 -0.5889 0.8077
298.0000 -25.3954 -213.0347 4.7303 0.0084 0.0270 -0.5887 0.8078
299.0000 -25.1506 -213.8043 4.7062 0.0085 0.0278 -0.5879 0.8084
300.0000 -24.9278 -214.5065 4.6834 0.0095 0.0280 -0.5874 0.8088
301.0000 -24.6841 -215.2819 4.6559 0.0110 0.0269 -0.5866 0.8093
302.0000 -24.4529 -215.9899 4.6265 0.0117 0.0270 -0.5854 0.8102
303.0000 -24.2128 -216.6987 4.5995 0.0119 0.0281 -0.5836 0.8115
304.0000 -23.9372 -217.4826 4.5620 0.0125 0.0310 -0.5813 0.8130
305.0000 -23.6851 -218.1935 4.5232 0.0134 0.0329 -0.5791 0.8145
306.0000 -23.4270 -218.9054 4.4858 0.0134 0.0332 -0.5772 0.8158
307.0000 -23.1322 -219.6861 4.4475 0.0101 0.0345 -0.5752 0.8172
308.0000 -22.8611 -220.3940 4.4016 0.0071 0.0332 -0.5733 0.8186
309.0000 -22.5596 -221.1767 4.3587 0.0048 0.0335 -0.5712 0.8201
310.0000 -22.2813 -221.8932 4.3271 0.0042 0.0346 -0.5693 0.8214
311.0000 -21.9999 -222.6056 4.2927 0.0031 0.0349 -0.5676 0.8226
312.0000 -21.6887 -223.3922 4.2568 0.0021 0.0337 -0.5657 0.8239
313.0000 -21.4040 -224.1096 4.2276 0.0020 0.0335 -0.5637 0.8253
314.0000 -21.1170 -224.8261 4.1958 0.0024 0.0344 -0.5618 0.8266
315.0000 -20.8045 -225.6066 4.1541 0.0037 0.0331 -0.5597 0.8280
316.0000 -20.5194 -226.3120 4.1124 0.0046 0.0317 -0.5579 0.8293
317.0000 -20.1957 -227.0830 4.0635 0.0037 0.0309 -0.5559 0.8307
318.0000 -19.8901 -227.7850 4.0223 0.0025 0.0332 -0.5540 0.8318
319.0000 -19.5844 -228.4819 3.9736 0.0017 0.0349 -0.5520 0.8331
320.0000 -19.2555 -229.2421 3.9268 0.0017 0.0328 -0.5501 0.8345
321.0000 -18.9541 -229.9271 3.8818 0.0002 0.0294 -0.5483 0.8357
322.0000 -18.6400 -230.6125 3.8386 -0.0034 0.0289 -0.5469 0.8367
323.0000 -18.2870 -231.3757 3.7979 -0.0054 0.0323 -0.5454 0.8376
324.0000 -17.9702 -232.0802 3.7640 -0.0025 0.0369 -0.5442 0.8382
325.0000 -17.6558 -232.7887 3.7227 0.0023 0.0404 -0.5433 0.8386
326.0000 -17.3011 -233.5632 3.6746 0.0047 0.0448 -0.5424 0.8389
327.0000 -16.9779 -234.2629 3.6314 0.0049 0.0471 -0.5415 0.8394
328.0000 -16.6283 -235.0232 3.5737 0.0038 0.0446 -0.5401 0.8404
329.0000 -16.3096 -235.7134 3.5187 0.0025 0.0413 -0.5383 0.8417
330.0000 -15.9824 -236.4023 3.4672 0.0013 0.0393 -0.5364 0.8430
331.0000 -15.6201 -237.1594 3.4173 0.0011 0.0377 -0.5344 0.8444
332.0000 -15.2880 -237.8445 3.3672 0.0006 0.0365 -0.5326 0.8456
333.0000 -14.9513 -238.5348 3.3205 0.0015 0.0362 -0.5308 0.8467
334.0000 -14.5736 -239.2996 3.2747 0.0033 0.0384 -0.5291 0.8477
335.0000 -14.2279 -239.9982 3.2348 0.0055 0.0401 -0.5277 0.8485
336.0000 -13.8457 -240.7656 3.1857 0.0078 0.0420 -0.5264 0.8492
337.0000 -13.4949 -241.4639 3.1341 0.0099 0.0437 -0.5255 0.8496
338.0000 -13.1415 -242.1661 3.0823 0.0124 0.0461 -0.5247 0.8499
339.0000 -12.7511 -242.9317 3.0173 0.0126 0.0468 -0.5238 0.8504
340.0000 -12.3888 -243.6112 2.9630 0.0072 0.0459 -0.5231 0.8510
341.0000 -12.0359 -244.2868 2.9006 0.0027 0.0409 -0.5228 0.8515
342.0000 -11.6516 -245.0363 2.8324 -0.0001 0.0360 -0.5224 0.8519
343.0000 -11.2957 -245.7308 2.7784 0.0006 0.0370 -0.5224 0.8519
344.0000 -10.8973 -246.4992 2.7309 0.0021 0.0406 -0.5222 0.8518
345.0000 -10.5410 -247.1948 2.6816 0.0031 0.0406 -0.5216 0.8522
346.0000 -10.1867 -247.8898 2.6324 0.0039 0.0391 -0.5211 0.8526
347.0000 -9.7944 -248.6626 2.5846 0.0058 0.0377 -0.5204 0.8530
348.0000 -9.4327 -249.3657 2.5391 0.0073 0.0398 -0.5197 0.8534
349.0000 -9.0672 -250.0646 2.4881 0.0075 0.0421 -0.5192 0.8536
350.0000 -8.6656 -250.8281 2.4278 0.0067 0.0420 -0.5187 0.8539
351.0000 -8.3014 -251.5203 2.3745 0.0062 0.0401 -0.5182 0.8543
352.0000 -7.8979 -252.2799 2.3116 0.0057 0.0387 -0.5174 0.8549
353.0000 -7.5318 -252.9755 2.2513 0.0074 0.0386 -0.5165 0.8554
354.0000 -7.1618 -253.6687 2.1871 0.0084 0.0401 -0.5149 0.8563
355.0000 -6.7481 -254.4294 2.1245 0.0092 0.0409 -0.5130 0.8574
356.0000 -6.3726 -255.1181 2.0571 0.0100 0.0402 -0.5110 0.8586
357.0000 -5.9930 -255.8025 1.9923 0.0094 0.0397 -0.5091 0.8598
358.0000 -5.5667 -256.5490 1.9191 0.0067 0.0400 -0.5070 0.8610
359.0000 -5.1820 -257.2286 1.8597 0.0056 0.0377 -0.5046 0.8625
360.0000 -4.7569 -257.9802 1.7949 0.0069 0.0354 -0.5008 0.8648
361.0000 -4.3612 -258.6596 1.7418 0.0083 0.0339 -0.4966 0.8673
362.0000 -3.9581 -259.3370 1.6894 0.0108 0.0329 -0.4918 0.8700
363.0000 -3.5046 -260.0731 1.6270 0.0119 0.0319 -0.4850 0.8738
364.0000 -3.0730 -260.7356 1.5719 0.0121 0.0328 -0.4784 0.8774
365.0000 -2.6336 -261.3941 1.5137 0.0139 0.0342 -0.4718 0.8809
366.0000 -2.1354 -262.1114 1.4546 0.0143 0.0370 -0.4646 0.8846
367.0000 -1.6722 -262.7496 1.3966 0.0125 0.0381 -0.4591 0.8875
368.0000 -1.2042 -263.3785 1.3370 0.0095 0.0382 -0.4544 0.8899
369.0000 -0.6841 -264.0669 1.2695 0.0064 0.0382 -0.4509 0.8918
370.0000 -0.2072 -264.6902 1.2107 0.0039 0.0393 -0.4498 0.8923
371.0000 0.3181 -265.3762 1.1554 -0.0003 0.0402 -0.4513 0.8915
372.0000 0.7877 -266.0001 1.1016 -0.0045 0.0404 -0.4549 0.8896
373.0000 1.2432 -266.6313 1.0487 -0.0072 0.0391 -0.4596 0.8872
374.0000 1.7259 -267.3395 0.9886 -0.0055 0.0365 -0.4657 0.8842
375.0000 2.1624 -267.9939 0.9395 -0.0039 0.0373 -0.4707 0.8815
376.0000 2.6440 -268.7112 0.8904 -0.0054 0.0389 -0.4762 0.8785
377.0000 3.0656 -269.3713 0.8417 -0.0043 0.0391 -0.4810 0.8759
378.0000 3.4736 -270.0371 0.7911 -0.0028 0.0368 -0.4851 0.8737
379.0000 3.9201 -270.7695 0.7411 -0.0021 0.0349 -0.4899 0.8711
380.0000 4.3300 -271.4417 0.6977 -0.0035 0.0351 -0.4936 0.8690
381.0000 4.7745 -272.1867 0.6471 -0.0041 0.0364 -0.4970 0.8670
382.0000 5.1791 -272.8692 0.5991 -0.0041 0.0395 -0.4995 0.8654
383.0000 5.5798 -273.5581 0.5524 -0.0034 0.0422 -0.5019 0.8639
384.0000 6.0153 -274.3188 0.4916 -0.0020 0.0445 -0.5040 0.8625
385.0000 6.4086 -275.0063 0.4358 -0.0038 0.0445 -0.5054 0.8617
386.0000 6.8005 -275.6887 0.3819 -0.0083 0.0426 -0.5066 0.8611
387.0000 7.2248 -276.4417 0.3230 -0.0126 0.0373 -0.5074 0.8608
388.0000 7.6105 -277.1335 0.2668 -0.0142 0.0340 -0.5081 0.8605
389.0000 8.0410 -277.9031 0.2124 -0.0151 0.0344 -0.5088 0.8601
390.0000 8.4372 -278.6114 0.1754 -0.0148 0.0371 -0.5092 0.8597
391.0000 8.8270 -279.3221 0.1332 -0.0134 0.0374 -0.5093 0.8597
392.0000 9.2569 -280.1127 0.0879 -0.0112 0.0373 -0.5089 0.8599
393.0000 9.6594 -280.8320 0.0496 -0.0103 0.0384 -0.5081 0.8604
394.0000 10.0648 -281.5502 0.0096 -0.0095 0.0388 -0.5066 0.8613
395.0000 10.5149 -282.3445 -0.0364 -0.0095 0.0384 -0.5044 0.8626
396.0000 10.9303 -283.0659 -0.0770 -0.0096 0.0388 -0.5026 0.8636
397.0000 11.3984 -283.8601 -0.1139 -0.0112 0.0398 -0.5006 0.8647
398.0000 11.8224 -284.5784 -0.1544 -0.0121 0.0392 -0.4986 0.8658
399.0000 12.2423 -285.3025 -0.1903 -0.0109 0.0363 -0.4966 0.8672
400.0000 12.7097 -286.1010 -0.2196 -0.0109 0.0339 -0.4938 0.8689
401.0000 13.1440 -286.8273 -0.2445 -0.0109 0.0325 -0.4906 0.8707
402.0000 13.5928 -287.5548 -0.2762 -0.0104 0.0333 -0.4868 0.8728
403.0000 14.1026 -288.3524 -0.3098 -0.0104 0.0368 -0.4830 0.8748
404.0000 14.5746 -289.0806 -0.3439 -0.0100 0.0401 -0.4795 0.8766
405.0000 15.0607 -289.8088 -0.3851 -0.0097 0.0442 -0.4759 0.8783
406.0000 15.5982 -290.6085 -0.4294 -0.0097 0.0461 -0.4720 0.8803
407.0000 16.0869 -291.3259 -0.4782 -0.0102 0.0451 -0.4681 0.8824
408.0000 16.6298 -292.1043 -0.5377 -0.0112 0.0412 -0.4639 0.8849
409.0000 17.1169 -292.8051 -0.5931 -0.0130 0.0375 -0.4600 0.8871
410.0000 17.6098 -293.5081 -0.6421 -0.0126 0.0336 -0.4564 0.8890
411.0000 18.1590 -294.2827 -0.6913 -0.0110 0.0299 -0.4525 0.8912
412.0000 18.6680 -294.9922 -0.7321 -0.0071 0.0288 -0.4490 0.8930
413.0000 19.1750 -295.7163 -0.7604 -0.0040 0.0296 -0.4450 0.8950
414.0000 19.7512 -296.5105 -0.7962 -0.0002 0.0323 -0.4407 0.8971
415.0000 20.2783 -297.2299 -0.8337 0.0019 0.0334 -0.4367 0.8990
416.0000 20.8803 -298.0069 -0.8827 0.0025 0.0349 -0.4329 0.9008
417.0000 21.4489 -298.7672 -0.8721 0.0008 0.0361 -0.4292 0.9025
418.0000 22.0361 -299.5406 -0.8462 -0.0010 0.0381 -0.4258 0.9040
419.0000 22.6773 -300.3978 -0.8163 0.0006 0.0382 -0.4230 0.9053
420.0000 23.2624 -301.1478 -0.8123 -0.0000 0.0381 -0.4206 0.9065
421.0000 23.8473 -301.8874 -0.8206 0.0002 0.0359 -0.4182 0.9076
422.0000 24.4969 -302.7010 -0.8206 -0.0003 0.0329 -0.4151 0.9092
423.0000 25.0981 -303.4283 -0.8354 0.0002 0.0331 -0.4128 0.9102
424.0000 25.7767 -304.2248 -0.8484 -0.0005 0.0362 -0.4102 0.9113
425.0000 26.4012 -304.9392 -0.8734 -0.0002 0.0395 -0.4079 0.9122
426.0000 27.0239 -305.6525 -0.9007 -0.0000 0.0386 -0.4054 0.9133
427.0000 27.7106 -306.4124 -0.9382 -0.0023 0.0369 -0.4027 0.9146
428.0000 28.3419 -307.1063 -0.9652 -0.0033 0.0348 -0.4002 0.9158
429.0000 28.9663 -307.7990 -0.9968 -0.0010 0.0326 -0.3978 0.9169
430.0000 29.6621 -308.5608 -1.0280 0.0015 0.0327 -0.3951 0.9181
431.0000 30.2967 -309.2419 -1.0610 0.0044 0.0318 -0.3925 0.9192
432.0000 30.9988 -309.9873 -1.0990 0.0068 0.0306 -0.3892 0.9206
433.0000 31.6385 -310.6605 -1.1347 0.0101 0.0300 -0.3866 0.9217
434.0000 32.2875 -311.3217 -1.1688 0.0100 0.0308 -0.3841 0.9227
435.0000 33.0088 -312.0392 -1.2101 0.0094 0.0317 -0.3818 0.9236
436.0000 33.6593 -312.6864 -1.2496 0.0094 0.0303 -0.3793 0.9247
437.0000 34.3208 -313.3265 -1.2877 0.0078 0.0304 -0.3769 0.9257
438.0000 35.0407 -314.0319 -1.3359 0.0107 0.0301 -0.3742 0.9268
439.0000 35.7039 -314.6648 -1.3711 0.0104 0.0312 -0.3712 0.9280
440.0000 36.4315 -315.3516 -1.4162 0.0104 0.0299 -0.3688 0.9290
441.0000 37.0934 -315.9794 -1.4579 0.0122 0.0290 -0.3661 0.9300
442.0000 37.7667 -316.6002 -1.4976 0.0117 0.0310 -0.3641 0.9308
443.0000 38.5148 -317.2736 -1.5385 0.0089 0.0339 -0.3622 0.9315
444.0000 39.1893 -317.8865 -1.5867 0.0086 0.0345 -0.3603 0.9322
445.0000 39.8628 -318.5038 -1.6371 0.0108 0.0361 -0.3591 0.9325
446.0000 40.6068 -319.1729 -1.6843 0.0098 0.0377 -0.3576 0.9330
447.0000 41.2752 -319.7770 -1.7307 0.0088 0.0345 -0.3568 0.9335
448.0000 42.0057 -320.4413 -1.7846 0.0086 0.0305 -0.3563 0.9338
449.0000 42.6765 -321.0461 -1.8281 0.0086 0.0302 -0.3566 0.9337
450.0000 43.3541 -321.6545 -1.8691 0.0085 0.0319 -0.3572 0.9335
451.0000 44.1016 -322.3299 -1.9190 0.0092 0.0341 -0.3581 0.9330
452.0000 44.7797 -322.9464 -1.9669 0.0096 0.0350 -0.3596 0.9324
453.0000 45.5216 -323.6270 -2.0210 0.0090 0.0350 -0.3621 0.9314
454.0000 46.1945 -324.2451 -2.0701 0.0064 0.0338 -0.3649 0.9304
455.0000 46.8630 -324.8710 -2.1182 0.0045 0.0324 -0.3682 0.9292
456.0000 47.5947 -325.5720 -2.1684 0.0045 0.0310 -0.3719 0.9278
457.0000 48.2612 -326.2160 -2.2102 0.0040 0.0317 -0.3756 0.9262
458.0000 48.9218 -326.8681 -2.2516 0.0043 0.0315 -0.3794 0.9247
459.0000 49.6511 -327.5938 -2.3023 0.0033 0.0340 -0.3831 0.9231
460.0000 50.3111 -328.2646 -2.3514 0.0042 0.0373 -0.3871 0.9213
461.0000 51.0355 -329.0067 -2.4069 0.0038 0.0415 -0.3914 0.9193
462.0000 51.6816 -329.6808 -2.4635 0.0021 0.0407 -0.3955 0.9176
463.0000 52.3175 -330.3610 -2.5216 0.0003 0.0371 -0.3990 0.9162
464.0000 53.0130 -331.1218 -2.5801 -0.0004 0.0342 -0.4026 0.9147
465.0000 53.6450 -331.8259 -2.6273 0.0005 0.0339 -0.4059 0.9133
466.0000 54.2769 -332.5374 -2.6723 0.0013 0.0352 -0.4090 0.9119
467.0000 54.9697 -333.3244 -2.7228 0.0015 0.0362 -0.4120 0.9105
468.0000 55.5951 -334.0477 -2.7732 0.0022 0.0366 -0.4146 0.9093
469.0000 56.2851 -334.8462 -2.8296 0.0017 0.0376 -0.4172 0.9080
470.0000 56.9152 -335.5745 -2.8823 0.0003 0.0389 -0.4196 0.9069
471.0000 57.5384 -336.3083 -2.9356 -0.0006 0.0394 -0.4218 0.9058
472.0000 58.2221 -337.1216 -2.9931 -0.0017 0.0399 -0.4240 0.9048
473.0000 58.8420 -337.8667 -3.0469 -0.0025 0.0399 -0.4261 0.9038
474.0000 59.4611 -338.6147 -3.1028 -0.0037 0.0401 -0.4281 0.9028
475.0000 60.1358 -339.4475 -3.1627 -0.0030 0.0400 -0.4301 0.9019
476.0000 60.7494 -340.2060 -3.2180 -0.0029 0.0402 -0.4317 0.9011
477.0000 61.4215 -341.0433 -3.2809 -0.0029 0.0408 -0.4335 0.9002
478.0000 62.0317 -341.8060 -3.3359 -0.0038 0.0418 -0.4350 0.8994
479.0000 62.6397 -342.5708 -3.3899 -0.0041 0.0429 -0.4368 0.8985
480.0000 63.3027 -343.4125 -3.4484 -0.0051 0.0431 -0.4386 0.8977
481.0000 63.8983 -344.1793 -3.5019 -0.0058 0.0417 -0.4402 0.8969
482.0000 64.4934 -344.9503 -3.5560 -0.0057 0.0415 -0.4414 0.8964
483.0000 65.1465 -345.8070 -3.6123 -0.0027 0.0429 -0.4420 0.8960
484.0000 65.7396 -346.5926 -3.6677 0.0010 0.0456 -0.4423 0.8957
485.0000 66.3901 -347.4531 -3.7368 0.0031 0.0478 -0.4427 0.8954
486.0000 66.9777 -348.2297 -3.8010 0.0034 0.0470 -0.4431 0.8952
487.0000 67.5577 -349.0037 -3.8658 0.0028 0.0433 -0.4435 0.8952
488.0000 68.1966 -349.8560 -3.9316 0.0018 0.0394 -0.4440 0.8952
489.0000 68.7767 -350.6368 -3.9850 0.0024 0.0374 -0.4446 0.8950
490.0000 69.3588 -351.4221 -4.0342 0.0040 0.0377 -0.4452 0.8946
491.0000 69.9957 -352.2921 -4.0863 0.0069 0.0389 -0.4458 0.8942
492.0000 70.5755 -353.0824 -4.1387 0.0091 0.0401 -0.4462 0.8940
493.0000 71.1552 -353.8714 -4.1952 0.0109 0.0408 -0.4465 0.8938
494.0000 71.7922 -354.7368 -4.2583 0.0116 0.0410 -0.4467 0.8936
495.0000 72.3700 -355.5198 -4.3165 0.0117 0.0398 -0.4468 0.8937
496.0000 73.0038 -356.3814 -4.3814 0.0118 0.0378 -0.4467 0.8938
497.0000 73.5849 -357.1670 -4.4403 0.0122 0.0379 -0.4467 0.8938
498.0000 74.1648 -357.9570 -4.4970 0.0137 0.0389 -0.4468 0.8937
499.0000 74.8027 -358.8227 -4.5617 0.0145 0.0395 -0.4470 0.8935
500.0000 75.3785 -359.6072 -4.6204 0.0146 0.0382 -0.4474 0.8934
501.0000 75.9560 -360.3915 -4.6816 0.0146 0.0372 -0.4477 0.8933
502.0000 76.5912 -361.2570 -4.7467 0.0155 0.0369 -0.4479 0.8932
503.0000 77.1712 -362.0437 -4.8051 0.0164 0.0380 -0.4479 0.8931
504.0000 77.8050 -362.9067 -4.8730 0.0181 0.0377 -0.4478 0.8931
505.0000 78.3801 -363.6895 -4.9357 0.0200 0.0374 -0.4476 0.8932
506.0000 78.9539 -364.4700 -4.9998 0.0224 0.0369 -0.4474 0.8933
507.0000 79.5809 -365.3271 -5.0715 0.0258 0.0364 -0.4471 0.8934
508.0000 80.1474 -366.1034 -5.1393 0.0291 0.0351 -0.4468 0.8935
509.0000 80.7187 -366.8713 -5.2083 0.0308 0.0351 -0.4462 0.8937
510.0000 81.3448 -367.7112 -5.2864 0.0327 0.0349 -0.4456 0.8940
511.0000 81.9125 -368.4662 -5.3556 0.0336 0.0355 -0.4450 0.8942
512.0000 82.5312 -369.2888 -5.4317 0.0342 0.0360 -0.4442 0.8945
513.0000 83.0878 -370.0259 -5.5011 0.0349 0.0355 -0.4435 0.8949
514.0000 83.6400 -370.7533 -5.5682 0.0356 0.0356 -0.4428 0.8952
515.0000 84.2420 -371.5418 -5.6411 0.0365 0.0367 -0.4419 0.8955
516.0000 84.7837 -372.2466 -5.7076 0.0366 0.0387 -0.4414 0.8957
517.0000 85.3231 -372.9395 -5.7771 0.0364 0.0428 -0.4412 0.8956
518.0000 85.9101 -373.6835 -5.8544 0.0345 0.0474 -0.4412 0.8955
519.0000 86.4317 -374.3446 -5.9271 0.0322 0.0501 -0.4414 0.8953
520.0000 86.9921 -375.0559 -6.0120 0.0295 0.0524 -0.4416 0.8952
521.0000 87.4899 -375.6925 -6.0873 0.0269 0.0539 -0.4419 0.8950
522.0000 87.9741 -376.3167 -6.1612 0.0251 0.0545 -0.4424 0.8948
523.0000 88.4923 -376.9943 -6.2396 0.0240 0.0542 -0.4427 0.8947
524.0000 88.9517 -377.6016 -6.3095 0.0238 0.0531 -0.4430 0.8946
525.0000 89.4039 -378.2039 -6.3756 0.0241 0.0529 -0.4433 0.8945
526.0000 89.8948 -378.8552 -6.4447 0.0237 0.0528 -0.4435 0.8944
527.0000 90.3344 -379.4368 -6.5064 0.0234 0.0529 -0.4444 0.8940
528.0000 90.7660 -380.0117 -6.5696 0.0230 0.0535 -0.4459 0.8932
529.0000 91.2309 -380.6345 -6.6364 0.0215 0.0550 -0.4484 0.8919
530.0000 91.6394 -381.1963 -6.6940 0.0213 0.0560 -0.4515 0.8903
531.0000 92.0750 -381.8058 -6.7554 0.0199 0.0564 -0.4546 0.8887
532.0000 92.4634 -382.3546 -6.8105 0.0176 0.0547 -0.4578 0.8872
533.0000 92.8460 -382.9045 -6.8666 0.0146 0.0529 -0.4612 0.8856
534.0000 93.2619 -383.5211 -6.9303 0.0131 0.0519 -0.4659 0.8832
535.0000 93.6375 -384.0930 -6.9843 0.0129 0.0528 -0.4709 0.8805
536.0000 94.0532 -384.7342 -7.0433 0.0129 0.0569 -0.4765 0.8772
537.0000 94.4224 -385.3246 -7.1023 0.0140 0.0596 -0.4813 0.8744
538.0000 94.7860 -385.9225 -7.1642 0.0151 0.0616 -0.4862 0.8715
539.0000 95.1788 -386.5853 -7.2370 0.0162 0.0621 -0.4915 0.8685
540.0000 95.5302 -387.1935 -7.3070 0.0167 0.0610 -0.4962 0.8659
541.0000 95.8742 -387.8067 -7.3771 0.0173 0.0585 -0.5000 0.8639
542.0000 96.2456 -388.4905 -7.4568 0.0185 0.0545 -0.5037 0.8619
543.0000 96.5836 -389.1210 -7.5300 0.0206 0.0519 -0.5065 0.8604
544.0000 96.9604 -389.8274 -7.6121 0.0242 0.0525 -0.5093 0.8587
545.0000 97.3088 -390.4848 -7.6879 0.0288 0.0577 -0.5113 0.8570
546.0000 97.6673 -391.1473 -7.7687 0.0323 0.0646 -0.5129 0.8554
547.0000 98.0620 -391.8826 -7.8670 0.0355 0.0726 -0.5152 0.8533
548.0000 98.4107 -392.5491 -7.9651 0.0366 0.0742 -0.5176 0.8516
549.0000 98.7570 -393.2177 -8.0711 0.0354 0.0734 -0.5201 0.8502
550.0000 99.1354 -393.9603 -8.1902 0.0349 0.0726 -0.5231 0.8485
551.0000 99.4737 -394.6490 -8.3028 0.0379 0.0731 -0.5257 0.8467
552.0000 99.8426 -395.4139 -8.4303 0.0410 0.0751 -0.5285 0.8446
553.0000 100.1675 -396.1105 -8.5459 0.0439 0.0756 -0.5313 0.8427
554.0000 100.4880 -396.8014 -8.6628 0.0459 0.0756 -0.5336 0.8411
555.0000 100.8364 -397.5542 -8.7974 0.0463 0.0744 -0.5364 0.8394
556.0000 101.1491 -398.2366 -8.9176 0.0462 0.0736 -0.5391 0.8378
557.0000 101.4588 -398.9167 -9.0370 0.0460 0.0741 -0.5418 0.8360
558.0000 101.7898 -399.6606 -9.1645 0.0455 0.0751 -0.5455 0.8335
559.0000 102.0788 -400.3342 -9.2789 0.0456 0.0750 -0.5495 0.8309
560.0000 102.3811 -401.0719 -9.4011 0.0464 0.0744 -0.5543 0.8277
561.0000 102.6503 -401.7378 -9.5099 0.0467 0.0746 -0.5586 0.8247
562.0000 102.9094 -402.3968 -9.6181 0.0467 0.0754 -0.5628 0.8218
563.0000 103.1766 -403.1129 -9.7355 0.0475 0.0740 -0.5675 0.8187
564.0000 103.4126 -403.7564 -9.8383 0.0460 0.0723 -0.5719 0.8159
565.0000 103.6456 -404.3934 -9.9400 0.0416 0.0701 -0.5769 0.8127
566.0000 103.8963 -405.0980 -10.0476 0.0356 0.0692 -0.5832 0.8086
567.0000 104.1065 -405.7444 -10.1405 0.0326 0.0681 -0.5899 0.8040
568.0000 104.3120 -406.4590 -10.2390 0.0321 0.0659 -0.5983 0.7979
569.0000 104.4823 -407.1128 -10.3246 0.0316 0.0637 -0.6064 0.7920
570.0000 104.6354 -407.7736 -10.4062 0.0312 0.0599 -0.6148 0.7858
571.0000 104.7882 -408.5115 -10.4893 0.0309 0.0552 -0.6237 0.7791
572.0000 104.9119 -409.1951 -10.5630 0.0318 0.0512 -0.6316 0.7729
573.0000 105.0384 -409.9580 -10.6464 0.0329 0.0491 -0.6398 0.7663
574.0000 105.1471 -410.6647 -10.7216 0.0347 0.0503 -0.6465 0.7605
575.0000 105.2523 -411.3800 -10.7972 0.0365 0.0538 -0.6520 0.7554
576.0000 105.3518 -412.1732 -10.8865 0.0411 0.0569 -0.6572 0.7504
577.0000 105.4384 -412.8960 -10.9696 0.0432 0.0586 -0.6608 0.7471
578.0000 105.5269 -413.6226 -11.0535 0.0432 0.0604 -0.6637 0.7443
579.0000 105.6221 -414.4266 -11.1513 0.0422 0.0627 -0.6666 0.7415
580.0000 105.6985 -415.1633 -11.2467 0.0436 0.0649 -0.6693 0.7388
581.0000 105.7787 -415.9695 -11.3480 0.0424 0.0674 -0.6720 0.7363
582.0000 105.8635 -416.6875 -11.4309 0.0338 0.0689 -0.6743 0.7344
583.0000 105.9387 -417.4005 -11.5174 0.0245 0.0648 -0.6768 0.7329
584.0000 106.0016 -418.1948 -11.6196 0.0194 0.0572 -0.6787 0.7320
585.0000 106.0708 -418.9376 -11.7022 0.0169 0.0588 -0.6800 0.7307
586.0000 106.1475 -419.6974 -11.7745 0.0172 0.0661 -0.6801 0.7299
587.0000 106.2193 -420.5282 -11.8532 0.0192 0.0697 -0.6793 0.7303
588.0000 106.2859 -421.2574 -11.9176 0.0129 0.0661 -0.6785 0.7316
589.0000 106.3601 -422.0422 -11.9876 0.0031 0.0565 -0.6774 0.7334
590.0000 106.4251 -422.7569 -12.0538 -0.0043 0.0493 -0.6754 0.7357
591.0000 106.4950 -423.4882 -12.1079 -0.0057 0.0502 -0.6738 0.7372
592.0000 106.5866 -424.3004 -12.1506 -0.0027 0.0582 -0.6724 0.7379
593.0000 106.6653 -425.0222 -12.1873 -0.0005 0.0618 -0.6715 0.7385
594.0000 106.7325 -425.7240 -12.2289 0.0002 0.0589 -0.6707 0.7393
595.0000 106.8051 -426.4784 -12.2789 -0.0016 0.0532 -0.6696 0.7408
596.0000 106.8761 -427.1600 -12.3208 -0.0025 0.0497 -0.6688 0.7418
597.0000 106.9592 -427.9070 -12.3614 -0.0022 0.0478 -0.6678 0.7428
598.0000 107.0355 -428.5757 -12.3976 -0.0022 0.0454 -0.6677 0.7430
599.0000 107.1136 -429.2311 -12.4313 -0.0043 0.0431 -0.6679 0.7430
600.0000 107.2048 -429.9418 -12.4632 -0.0067 0.0422 -0.6682 0.7427
601.0000 107.2876 -430.5784 -12.4888 -0.0099 0.0425 -0.6688 0.7422
602.0000 107.3665 -431.2098 -12.5080 -0.0124 0.0433 -0.6708 0.7402
603.0000 107.4442 -431.8994 -12.5248 -0.0147 0.0446 -0.6756 0.7357
604.0000 107.4988 -432.5202 -12.5404 -0.0165 0.0448 -0.6815 0.7303
605.0000 107.5378 -433.1947 -12.5575 -0.0164 0.0436 -0.6887 0.7236
606.0000 107.5578 -433.7938 -12.5687 -0.0149 0.0425 -0.6953 0.7173
607.0000 107.5723 -434.3686 -12.5795 -0.0141 0.0412 -0.7015 0.7114
608.0000 107.5755 -434.9811 -12.5883 0.0137 -0.0397 0.7081 -0.7049
609.0000 107.5726 -435.5164 -12.5975 0.0137 -0.0391 0.7141 -0.6988
610.0000 107.5591 -436.0854 -12.6070 0.0142 -0.0400 0.7207 -0.6920
611.0000 107.5429 -436.5800 -12.6137 0.0149 -0.0417 0.7270 -0.6852
612.0000 107.5112 -437.0507 -12.6162 0.0143 -0.0409 0.7333 -0.6785
613.0000 107.4669 -437.5352 -12.6135 0.0150 -0.0379 0.7395 -0.6720
614.0000 107.4150 -437.9444 -12.6110 0.0160 -0.0323 0.7448 -0.6664
615.0000 107.3634 -438.3297 -12.6103 0.0182 -0.0267 0.7496 -0.6611
616.0000 107.3130 -438.7293 -12.6104 0.0212 -0.0230 0.7541 -0.6560
617.0000 107.2670 -439.0794 -12.6145 0.0248 -0.0218 0.7575 -0.6520
618.0000 107.2065 -439.4480 -12.6154 0.0261 -0.0200 0.7608 -0.6481
619.0000 107.1483 -439.7665 -12.6090 0.0256 -0.0181 0.7635 -0.6450
620.0000 107.0827 -440.0705 -12.6007 0.0229 -0.0156 0.7656 -0.6427
621.0000 107.0131 -440.3860 -12.5923 0.0190 -0.0126 0.7675 -0.6407
622.0000 106.9667 -440.6586 -12.5854 0.0185 -0.0138 0.7691 -0.6388
623.0000 106.9329 -440.9129 -12.5761 0.0199 -0.0164 0.7706 -0.6368
624.0000 106.8985 -441.1736 -12.5696 0.0215 -0.0197 0.7718 -0.6352
625.0000 106.8651 -441.3889 -12.5669 0.0217 -0.0211 0.7727 -0.6340
626.0000 106.8254 -441.5984 -12.5619 0.0215 -0.0201 0.7735 -0.6331
627.0000 106.7898 -441.7651 -12.5546 0.0208 -0.0180 0.7741 -0.6325
628.0000 106.7579 -441.9157 -12.5479 0.0198 -0.0159 0.7744 -0.6322
629.0000 106.7351 -442.0747 -12.5492 0.0202 -0.0142 0.7743 -0.6323
630.0000 106.7204 -442.2186 -12.5484 0.0216 -0.0141 0.7738 -0.6329
631.0000 106.7028 -442.3645 -12.5489 0.0211 -0.0136 0.7731 -0.6337
632.0000 106.6690 -442.5285 -12.5504 0.0165 -0.0116 0.7718 -0.6355
633.0000 106.6426 -442.6737 -12.5527 0.0136 -0.0102 0.7702 -0.6376
634.0000 106.6252 -442.8151 -12.5525 0.0132 -0.0087 0.7689 -0.6391
635.0000 106.6176 -442.9704 -12.5509 0.0149 -0.0092 0.7676 -0.6407
636.0000 106.6135 -443.1118 -12.5488 0.0166 -0.0101 0.7661 -0.6424
637.0000 106.6063 -443.2711 -12.5479 0.0182 -0.0105 0.7643 -0.6445
638.0000 106.5948 -443.4268 -12.5473 0.0186 -0.0103 0.7624 -0.6467
639.0000 106.5821 -443.5965 -12.5478 0.0185 -0.0104 0.7604 -0.6491
640.0000 106.5758 -443.8052 -12.5506 0.0196 -0.0131 0.7581 -0.6517
641.0000 106.5769 -444.0119 -12.5538 0.0214 -0.0167 0.7552 -0.6549
642.0000 106.5752 -444.2284 -12.5517 0.0228 -0.0196 0.7523 -0.6581
643.0000 106.5576 -444.4784 -12.5426 0.0209 -0.0196 0.7490 -0.6619
644.0000 106.5349 -444.7150 -12.5347 0.0178 -0.0177 0.7455 -0.6660
645.0000 106.5189 -444.9843 -12.5284 0.0155 -0.0164 0.7414 -0.6707
646.0000 106.5095 -445.2372 -12.5280 0.0144 -0.0153 0.7365 -0.6761
647.0000 106.5030 -445.4960 -12.5300 0.0129 -0.0136 0.7312 -0.6819
648.0000 106.5087 -445.7897 -12.5256 0.0123 -0.0138 0.7248 -0.6887
649.0000 106.5194 -446.0655 -12.5218 0.0115 -0.0139 0.7179 -0.6959
650.0000 106.5364 -446.3508 -12.5205 0.0115 -0.0137 0.7105 -0.7035
651.0000 106.5666 -446.6769 -12.5215 -0.0126 0.0134 -0.7022 0.7117
652.0000 106.6092 -446.9835 -12.5267 -0.0160 0.0143 -0.6942 0.7195
653.0000 106.6610 -447.2993 -12.5319 -0.0188 0.0148 -0.6861 0.7271
654.0000 106.7180 -447.6613 -12.5306 -0.0197 0.0159 -0.6761 0.7364
655.0000 106.7720 -448.0036 -12.5271 -0.0178 0.0151 -0.6670 0.7447
656.0000 106.8446 -448.3925 -12.5244 -0.0160 0.0146 -0.6569 0.7537
657.0000 106.9259 -448.7573 -12.5237 -0.0157 0.0148 -0.6473 0.7619
658.0000 107.0214 -449.1333 -12.5239 -0.0157 0.0151 -0.6376 0.7701
659.0000 107.1412 -449.5612 -12.5247 -0.0162 0.0157 -0.6267 0.7789
660.0000 107.2724 -449.9597 -12.5263 -0.0158 0.0150 -0.6170 0.7867
661.0000 107.4377 -450.3639 -12.5270 -0.0154 0.0149 -0.6076 0.7940
662.0000 107.6382 -450.8254 -12.5281 -0.0144 0.0147 -0.5981 0.8012
663.0000 107.8251 -451.2615 -12.5294 -0.0142 0.0147 -0.5900 0.8071
664.0000 108.0484 -451.7560 -12.5321 -0.0138 0.0146 -0.5816 0.8132
665.0000 108.2590 -452.2206 -12.5345 -0.0140 0.0146 -0.5743 0.8184
666.0000 108.4840 -452.6982 -12.5376 -0.0131 0.0138 -0.5670 0.8235
667.0000 108.7258 -453.2440 -12.5422 -0.0112 0.0128 -0.5589 0.8290
668.0000 108.9379 -453.7531 -12.5498 -0.0095 0.0116 -0.5514 0.8341
669.0000 109.1722 -454.2726 -12.5568 -0.0077 0.0100 -0.5437 0.8392
670.0000 109.4516 -454.8530 -12.5635 -0.0073 0.0096 -0.5357 0.8443
671.0000 109.7284 -455.3882 -12.5682 -0.0080 0.0094 -0.5291 0.8485
672.0000 110.0485 -455.9890 -12.5741 -0.0088 0.0097 -0.5224 0.8526
673.0000 110.3483 -456.5593 -12.5686 -0.0086 0.0104 -0.5171 0.8558
674.0000 110.6573 -457.1440 -12.5588 -0.0082 0.0111 -0.5124 0.8586
675.0000 111.0120 -457.8009 -12.5443 -0.0078 0.0126 -0.5084 0.8610
676.0000 111.3489 -458.4047 -12.5373 -0.0075 0.0137 -0.5055 0.8627
677.0000 111.6931 -459.0191 -12.5320 -0.0078 0.0141 -0.5032 0.8640
678.0000 112.0895 -459.7024 -12.5332 -0.0081 0.0146 -0.5013 0.8651
679.0000 112.4562 -460.3378 -12.5327 -0.0085 0.0150 -0.4999 0.8659
680.0000 112.8737 -461.0448 -12.5352 -0.0090 0.0149 -0.4985 0.8667
681.0000 113.2576 -461.7029 -12.5368 -0.0086 0.0144 -0.4973 0.8674
682.0000 113.6527 -462.3703 -12.5420 -0.0082 0.0134 -0.4960 0.8682
683.0000 114.0971 -463.1159 -12.5452 -0.0082 0.0125 -0.4948 0.8689
684.0000 114.5132 -463.8031 -12.5479 -0.0084 0.0119 -0.4935 0.8696
685.0000 114.9350 -464.4981 -12.5496 -0.0083 0.0108 -0.4924 0.8703
686.0000 115.4045 -465.2737 -12.5501 -0.0073 0.0098 -0.4913 0.8709
687.0000 115.8381 -465.9859 -12.5507 -0.0062 0.0087 -0.4905 0.8714
688.0000 116.3242 -466.7774 -12.5497 -0.0056 0.0082 -0.4895 0.8719
689.0000 116.7762 -467.5018 -12.5472 -0.0067 0.0074 -0.4888 0.8723
690.0000 117.2320 -468.2370 -12.5455 -0.0071 0.0057 -0.4882 0.8727
691.0000 117.7436 -469.0543 -12.5444 -0.0077 0.0044 -0.4881 0.8728
692.0000 118.2196 -469.8080 -12.5405 -0.0084 0.0056 -0.4878 0.8729
693.0000 118.7006 -470.5739 -12.5360 -0.0077 0.0068 -0.4879 0.8729
694.0000 119.2351 -471.4270 -12.5294 -0.0073 0.0081 -0.4875 0.8730
695.0000 119.7223 -472.2125 -12.5299 -0.0063 0.0073 -0.4873 0.8732
696.0000 120.2622 -473.0858 -12.5302 -0.0055 0.0059 -0.4869 0.8734
697.0000 120.7614 -473.8881 -12.5281 -0.0045 0.0050 -0.4866 0.8736
698.0000 121.2688 -474.6988 -12.5268 -0.0039 0.0048 -0.4863 0.8738
699.0000 121.8344 -475.6021 -12.5246 -0.0030 0.0045 -0.4858 0.8740
700.0000 122.3570 -476.4314 -12.5215 -0.0026 0.0044 -0.4855 0.8742
701.0000 122.8839 -477.2676 -12.5197 -0.0028 0.0040 -0.4852 0.8744
702.0000 123.4728 -478.1961 -12.5171 -0.0036 0.0040 -0.4847 0.8747
703.0000 124.0134 -479.0504 -12.5144 -0.0039 0.0042 -0.4845 0.8748
704.0000 124.6101 -479.9933 -12.4975 -0.0035 0.0048 -0.4847 0.8747
705.0000 125.1661 -480.8361 -12.4922 -0.0053 0.0062 -0.4850 0.8745
706.0000 125.7220 -481.6918 -12.4885 -0.0071 0.0064 -0.4859 0.8740
707.0000 126.3310 -482.6393 -12.4843 -0.0090 0.0055 -0.4877 0.8729
708.0000 126.8875 -483.5117 -12.4755 -0.0114 0.0060 -0.4907 0.8712
709.0000 127.4946 -484.4782 -12.4628 -0.0149 0.0068 -0.4953 0.8685
710.0000 128.0361 -485.3664 -12.4540 -0.0174 0.0071 -0.5007 0.8654
711.0000 128.5676 -486.2592 -12.4512 -0.0191 0.0080 -0.5070 0.8617
712.0000 129.1354 -487.2560 -12.4489 -0.0194 0.0096 -0.5145 0.8572
713.0000 129.6381 -488.1788 -12.4425 -0.0195 0.0117 -0.5215 0.8529
714.0000 130.1245 -489.1065 -12.4386 -0.0204 0.0131 -0.5288 0.8484
715.0000 130.6366 -490.1427 -12.4333 -0.0213 0.0120 -0.5371 0.8432
716.0000 131.0859 -491.0899 -12.4269 -0.0233 0.0110 -0.5449 0.8381
717.0000 131.5639 -492.1511 -12.4067 -0.0242 0.0104 -0.5540 0.8321
718.0000 131.9913 -493.1254 -12.3702 -0.0244 0.0119 -0.5628 0.8262
719.0000 132.3886 -494.1150 -12.3389 -0.0236 0.0126 -0.5720 0.8198
720.0000 132.7987 -495.2075 -12.3045 -0.0248 0.0114 -0.5827 0.8122
721.0000 133.1466 -496.2073 -12.2729 -0.0284 0.0097 -0.5929 0.8047
722.0000 133.4967 -497.3194 -12.2334 -0.0303 0.0076 -0.6043 0.7961
723.0000 133.7861 -498.3376 -12.1928 -0.0347 0.0086 -0.6155 0.7873
724.0000 134.0341 -499.3656 -12.1534 -0.0346 0.0057 -0.6272 0.7780
725.0000 134.2772 -500.5058 -12.1015 -0.0376 0.0070 -0.6398 0.7676
726.0000 134.4624 -501.5513 -12.0446 -0.0380 0.0050 -0.6506 0.7584
727.0000 134.6282 -502.7054 -11.9745 -0.0394 0.0015 -0.6618 0.7486
728.0000 134.7508 -503.7629 -11.9070 -0.0394 -0.0010 -0.6713 0.7401
729.0000 134.8476 -504.8269 -11.8316 -0.0389 -0.0023 -0.6800 0.7322
730.0000 134.9240 -506.0104 -11.7443 -0.0388 -0.0030 -0.6888 0.7239
731.0000 134.9710 -507.0897 -11.6643 -0.0398 -0.0032 -0.6965 0.7164
732.0000 134.9970 -508.1679 -11.5833 -0.0411 -0.0043 -0.7042 0.7088
733.0000 134.9981 -509.3600 -11.4919 0.0412 0.0051 0.7121 -0.7009
734.0000 134.9749 -510.4511 -11.4075 0.0388 0.0051 0.7183 -0.6946
735.0000 134.9322 -511.5416 -11.3238 0.0366 0.0063 0.7230 -0.6899
736.0000 134.8711 -512.7492 -11.2419 0.0349 0.0099 0.7263 -0.6864
737.0000 134.8143 -513.8464 -11.1665 0.0351 0.0123 0.7283 -0.6842
738.0000 134.7531 -515.0587 -11.0758 0.0356 0.0121 0.7299 -0.6825
739.0000 134.6946 -516.1606 -10.9907 0.0361 0.0116 0.7311 -0.6813
740.0000 134.6299 -517.2681 -10.9073 0.0370 0.0122 0.7321 -0.6801
741.0000 134.5513 -518.4894 -10.8133 0.0379 0.0138 0.7333 -0.6787
742.0000 134.4732 -519.6109 -10.7271 0.0381 0.0155 0.7344 -0.6775
743.0000 134.3914 -520.7420 -10.6369 0.0376 0.0158 0.7354 -0.6764
744.0000 134.2999 -522.0013 -10.5369 0.0363 0.0140 0.7364 -0.6754
745.0000 134.2128 -523.1536 -10.4486 0.0354 0.0129 0.7372 -0.6747
746.0000 134.1276 -524.3098 -10.3619 0.0363 0.0121 0.7376 -0.6741
747.0000 134.0298 -525.5856 -10.2660 0.0384 0.0134 0.7378 -0.6738
748.0000 133.9377 -526.7537 -10.1729 0.0394 0.0145 0.7377 -0.6738
749.0000 133.8339 -528.0513 -10.0651 0.0387 0.0152 0.7376 -0.6740
750.0000 133.7416 -529.2380 -9.9656 0.0388 0.0147 0.7375 -0.6740
751.0000 133.6510 -530.4312 -9.8658 0.0399 0.0141 0.7376 -0.6739
752.0000 133.5520 -531.7516 -9.7569 0.0410 0.0133 0.7378 -0.6736
753.0000 133.4566 -532.9618 -9.6564 0.0407 0.0128 0.7385 -0.6729
754.0000 133.3596 -534.1793 -9.5543 0.0408 0.0115 0.7395 -0.6719
755.0000 133.2418 -535.5220 -9.4455 0.0407 0.0131 0.7402 -0.6711
756.0000 133.1321 -536.7513 -9.3436 0.0406 0.0134 0.7409 -0.6702
757.0000 133.0103 -538.1133 -9.2299 0.0409 0.0127 0.7420 -0.6690
758.0000 132.8927 -539.3580 -9.1252 0.0404 0.0127 0.7432 -0.6678
759.0000 132.7730 -540.6094 -9.0211 0.0410 0.0117 0.7443 -0.6665
760.0000 132.6235 -542.0157 -8.9278 0.0403 0.0110 0.7456 -0.6651
761.0000 132.4851 -543.2996 -8.8429 0.0407 0.0105 0.7466 -0.6640
762.0000 132.3397 -544.5925 -8.7602 0.0412 0.0107 0.7475 -0.6629
763.0000 132.1776 -546.0149 -8.6583 0.0413 0.0109 0.7484 -0.6619
764.0000 132.0212 -547.3200 -8.5677 0.0410 0.0109 0.7492 -0.6610
765.0000 131.8635 -548.6255 -8.4714 0.0413 0.0116 0.7500 -0.6601
766.0000 131.6852 -550.0700 -8.3604 0.0414 0.0119 0.7509 -0.6590
767.0000 131.5203 -551.3865 -8.2459 0.0416 0.0117 0.7519 -0.6579
768.0000 131.3324 -552.8433 -8.1191 0.0418 0.0112 0.7532 -0.6564
769.0000 131.1539 -554.1728 -8.0061 0.0414 0.0113 0.7545 -0.6549
770.0000 130.9710 -555.5085 -7.8922 0.0415 0.0112 0.7557 -0.6535
771.0000 130.7606 -556.9855 -7.7664 0.0414 0.0117 0.7570 -0.6520
772.0000 130.5652 -558.3339 -7.6509 0.0416 0.0121 0.7578 -0.6511
773.0000 130.3629 -559.6904 -7.5343 0.0415 0.0126 0.7585 -0.6502
774.0000 130.1385 -561.1893 -7.4063 0.0415 0.0127 0.7592 -0.6494
775.0000 129.9295 -562.5594 -7.2883 0.0414 0.0129 0.7597 -0.6489
776.0000 129.6981 -564.0740 -7.1574 0.0411 0.0131 0.7601 -0.6484
777.0000 129.4823 -565.4574 -7.0371 0.0410 0.0136 0.7605 -0.6479
778.0000 129.2635 -566.8475 -6.9176 0.0408 0.0143 0.7609 -0.6475
779.0000 129.0190 -568.3851 -6.7848 0.0396 0.0140 0.7613 -0.6471
780.0000 128.7970 -569.7871 -6.6662 0.0401 0.0142 0.7616 -0.6467
781.0000 128.5734 -571.1962 -6.5466 0.0401 0.0139 0.7619 -0.6463
782.0000 128.3262 -572.7544 -6.4130 0.0400 0.0129 0.7623 -0.6458
783.0000 128.0952 -574.1845 -6.2871 0.0389 0.0121 0.7628 -0.6454
784.0000 127.8411 -575.7500 -6.1548 0.0385 0.0127 0.7630 -0.6451
785.0000 127.6107 -577.1714 -6.0373 0.0392 0.0138 0.7631 -0.6450
786.0000 127.3806 -578.5969 -5.9168 0.0389 0.0138 0.7631 -0.6450
787.0000 127.1290 -580.1683 -5.7808 0.0395 0.0137 0.7632 -0.6449
788.0000 126.9048 -581.6023 -5.6448 0.0391 0.0137 0.7631 -0.6449
789.0000 126.6834 -583.0405 -5.5037 0.0397 0.0138 0.7630 -0.6450
790.0000 126.4396 -584.6234 -5.3458 0.0402 0.0145 0.7628 -0.6453
791.0000 126.2138 -586.0618 -5.2049 0.0398 0.0160 0.7625 -0.6456
792.0000 125.9886 -587.5037 -5.0638 0.0390 0.0163 0.7620 -0.6462
793.0000 125.7405 -589.0929 -4.9096 0.0371 0.0166 0.7612 -0.6472
794.0000 125.5181 -590.5356 -4.7744 0.0366 0.0165 0.7606 -0.6479
795.0000 125.2799 -592.1210 -4.6264 0.0371 0.0165 0.7602 -0.6484
796.0000 125.0620 -593.5628 -4.4938 0.0361 0.0166 0.7600 -0.6487
797.0000 124.8473 -595.0035 -4.3626 0.0365 0.0165 0.7597 -0.6490
798.0000 124.6075 -596.5878 -4.2201 0.0363 0.0172 0.7594 -0.6494
799.0000 124.3920 -598.0279 -4.0910 0.0363 0.0168 0.7591 -0.6497
800.0000 124.1802 -599.4655 -3.9623 0.0371 0.0165 0.7589 -0.6500
801.0000 123.9475 -601.0431 -3.8222 0.0375 0.0151 0.7587 -0.6502
802.0000 123.7294 -602.4758 -3.6963 0.0364 0.0154 0.7587 -0.6503
803.0000 123.4847 -604.0508 -3.5610 0.0353 0.0159 0.7584 -0.6507
804.0000 123.2557 -605.4799 -3.4427 0.0324 0.0182 0.7582 -0.6510
805.0000 123.0301 -606.9067 -3.3230 0.0324 0.0196 0.7578 -0.6513
806.0000 122.7883 -608.4758 -3.1886 0.0337 0.0210 0.7576 -0.6515
807.0000 122.5764 -609.9057 -3.0613 0.0347 0.0200 0.7575 -0.6516
808.0000 122.3652 -611.3361 -2.9336 0.0348 0.0182 0.7572 -0.6520
809.0000 122.1362 -612.9073 -2.7972 0.0352 0.0174 0.7568 -0.6524
810.0000 121.9262 -614.3372 -2.6765 0.0358 0.0170 0.7565 -0.6528
811.0000 121.6996 -615.9094 -2.5442 0.0368 0.0163 0.7562 -0.6532
812.0000 121.4865 -617.3388 -2.4230 0.0369 0.0158 0.7559 -0.6534
813.0000 121.2800 -618.7656 -2.2994 0.0371 0.0149 0.7559 -0.6535
814.0000 121.0476 -620.3330 -2.1669 0.0366 0.0160 0.7560 -0.6533
815.0000 120.8387 -621.7564 -2.0446 0.0365 0.0165 0.7560 -0.6534
816.0000 120.6278 -623.1795 -1.9220 0.0352 0.0174 0.7559 -0.6535
817.0000 120.3933 -624.7427 -1.7854 0.0340 0.0173 0.7556 -0.6540
818.0000 120.1864 -626.1558 -1.6617 0.0343 0.0180 0.7550 -0.6546
819.0000 119.9839 -627.5593 -1.5362 0.0364 0.0187 0.7544 -0.6551
820.0000 119.7701 -629.1002 -1.3924 0.0372 0.0173 0.7542 -0.6554
821.0000 119.5763 -630.4936 -1.2602 0.0379 0.0150 0.7537 -0.6559
822.0000 119.3625 -632.0159 -1.1217 0.0370 0.0144 0.7534 -0.6563
823.0000 119.1638 -633.3880 -1.0012 0.0355 0.0138 0.7534 -0.6565
824.0000 118.9679 -634.7538 -0.8827 0.0345 0.0146 0.7533 -0.6566
825.0000 118.7561 -636.2487 -0.7505 0.0345 0.0145 0.7533 -0.6566
826.0000 118.5650 -637.5986 -0.6321 0.0347 0.0149 0.7535 -0.6564
827.0000 118.3756 -638.9411 -0.5129 0.0347 0.0145 0.7538 -0.6560
828.0000 118.1672 -640.4022 -0.3821 0.0349 0.0139 0.7541 -0.6557
829.0000 117.9804 -641.7149 -0.2647 0.0352 0.0133 0.7543 -0.6555
830.0000 117.7954 -643.0052 -0.1526 0.0349 0.0131 0.7545 -0.6552
831.0000 117.5965 -644.4060 -0.0309 0.0339 0.0116 0.7549 -0.6549
832.0000 117.4166 -645.6496 0.0736 0.0330 0.0104 0.7552 -0.6546
833.0000 117.2183 -646.9872 0.1821 0.0334 0.0108 0.7554 -0.6544
834.0000 117.0376 -648.1722 0.2809 0.0346 0.0131 0.7554 -0.6542
835.0000 116.8646 -649.3380 0.3848 0.0351 0.0138 0.7555 -0.6541
836.0000 116.6769 -650.5937 0.4999 0.0333 0.0129 0.7554 -0.6543
837.0000 116.5125 -651.7009 0.5963 0.0325 0.0124 0.7550 -0.6548
838.0000 116.3562 -652.7785 0.6884 0.0325 0.0121 0.7545 -0.6554
839.0000 116.1922 -653.9274 0.7837 0.0324 0.0111 0.7538 -0.6562
840.0000 116.0449 -654.9400 0.8690 0.0311 0.0106 0.7531 -0.6571
841.0000 115.8888 -656.0128 0.9588 0.0295 0.0096 0.7524 -0.6580
842.0000 115.7656 -656.9529 1.0393 0.0299 0.0079 0.7520 -0.6584
843.0000 115.6432 -657.8504 1.1144 0.0297 0.0086 0.7519 -0.6586
844.0000 115.5140 -658.7928 1.1925 0.0303 0.0098 0.7516 -0.6589
845.0000 115.4004 -659.6141 1.2649 0.0306 0.0096 0.7515 -0.6589
846.0000 115.2912 -660.3926 1.3333 0.0313 0.0091 0.7515 -0.6590
847.0000 115.1787 -661.2053 1.4050 0.0326 0.0075 0.7524 -0.6579
848.0000 115.0774 -661.9051 1.4651 0.0340 0.0064 0.7552 -0.6546
849.0000 114.9574 -662.6340 1.5282 0.0357 0.0049 0.7607 -0.6481
850.0000 114.8430 -663.2579 1.5830 0.0375 0.0033 0.7679 -0.6394
851.0000 114.7086 -663.8477 1.6332 0.0388 0.0035 0.7766 -0.6288
852.0000 114.5398 -664.4700 1.6867 0.0399 0.0047 0.7874 -0.6151
853.0000 114.3690 -665.0229 1.7368 0.0398 0.0071 0.7987 -0.6004
854.0000 114.1658 -665.6145 1.7947 0.0400 0.0072 0.8128 -0.5812
855.0000 113.9553 -666.1348 1.8467 0.0398 0.0068 0.8265 -0.5615
856.0000 113.7241 -666.6355 1.8964 0.0395 0.0065 0.8405 -0.5404
857.0000 113.4447 -667.1658 1.9535 0.0388 0.0059 0.8561 -0.5154
858.0000 113.1719 -667.6190 2.0075 0.0390 0.0063 0.8705 -0.4906
859.0000 112.8413 -668.0832 2.0645 0.0401 0.0076 0.8863 -0.4613
860.0000 112.5249 -668.4779 2.1151 0.0418 0.0077 0.9003 -0.4333
861.0000 112.1429 -668.8682 2.1616 0.0437 0.0091 0.9148 -0.4015
862.0000 111.7805 -669.1874 2.2106 0.0444 0.0127 0.9268 -0.3727
863.0000 111.3929 -669.4783 2.2613 0.0435 0.0170 0.9379 -0.3438
864.0000 110.9562 -669.7800 2.3171 0.0435 0.0176 0.9492 -0.3111
865.0000 110.5421 -670.0323 2.3665 0.0435 0.0170 0.9585 -0.2813
866.0000 110.0663 -670.2753 2.4221 0.0428 0.0175 0.9676 -0.2481
867.0000 109.6125 -670.4589 2.4759 0.0421 0.0205 0.9748 -0.2179
868.0000 109.1453 -670.6134 2.5262 0.0428 0.0235 0.9810 -0.1875
869.0000 108.6214 -670.7566 2.5736 0.0466 0.0251 0.9867 -0.1534
870.0000 108.1317 -670.8636 2.6157 0.0503 0.0254 0.9910 -0.1216
871.0000 107.5773 -670.9463 2.6710 0.0525 0.0264 0.9945 -0.0868
872.0000 107.0554 -670.9914 2.7262 0.0514 0.0260 0.9968 -0.0555
873.0000 106.5220 -671.0125 2.7900 0.0501 0.0261 0.9981 -0.0235
874.0000 105.9310 -670.9908 2.8568 0.0512 0.0266 0.9983 0.0121
875.0000 105.3880 -670.9287 2.9164 0.0537 0.0274 0.9972 0.0447
876.0000 104.7883 -670.8282 2.9851 0.0562 0.0273 0.9948 0.0807
877.0000 104.2404 -670.6894 3.0437 0.0586 0.0275 0.9914 0.1134
878.0000 103.6862 -670.5063 3.1016 0.0599 0.0278 0.9873 0.1448
879.0000 103.0774 -670.2615 3.1694 0.0601 0.0296 0.9818 0.1776
880.0000 102.5230 -669.9988 3.2325 0.0607 0.0302 0.9762 0.2059
881.0000 101.9693 -669.7009 3.2948 0.0607 0.0309 0.9704 0.2317
882.0000 101.3646 -669.3334 3.3547 0.0620 0.0318 0.9638 0.2574
883.0000 100.8167 -668.9739 3.4085 0.0640 0.0330 0.9579 0.2780
884.0000 100.2703 -668.5881 3.4650 0.0650 0.0333 0.9526 0.2955
885.0000 99.6660 -668.1307 3.5345 0.0639 0.0345 0.9475 0.3114
886.0000 99.1197 -667.6889 3.5972 0.0614 0.0349 0.9436 0.3235
887.0000 98.5653 -667.2335 3.6604 0.0584 0.0333 0.9401 0.3341
888.0000 97.9597 -666.7177 3.7277 0.0559 0.0313 0.9365 0.3447
889.0000 97.4147 -666.2292 3.7873 0.0544 0.0306 0.9333 0.3538
890.0000 96.8070 -665.6648 3.8409 0.0518 0.0292 0.9296 0.3638
891.0000 96.2513 -665.1421 3.8943 0.0484 0.0256 0.9260 0.3736
892.0000 95.7021 -664.6095 3.9500 0.0442 0.0222 0.9223 0.3834
893.0000 95.1128 -663.9972 3.9995 0.0411 0.0212 0.9177 0.3945
894.0000 94.5810 -663.4191 4.0414 0.0361 0.0189 0.9133 0.4052
895.0000 94.0593 -662.8253 4.0800 0.0311 0.0160 0.9085 0.4165
896.0000 93.4988 -662.1622 4.1193 0.0271 0.0129 0.9027 0.4292
897.0000 93.0148 -661.5342 4.1453 0.0259 0.0128 0.8971 0.4409
898.0000 92.4988 -660.8289 4.1739 0.0245 0.0133 0.8906 0.4538
899.0000 92.0444 -660.1676 4.1992 0.0223 0.0145 0.8846 0.4656
900.0000 91.5935 -659.4873 4.2163 0.0197 0.0165 0.8789 0.4764
901.0000 91.1165 -658.7268 4.2355 0.0187 0.0193 0.8732 0.4866
902.0000 90.6968 -658.0215 4.2473 0.0174 0.0213 0.8690 0.4940
903.0000 90.2756 -657.3115 4.2621 0.0158 0.0217 0.8662 0.4990
904.0000 89.8060 -656.5086 4.2726 0.0130 0.0226 0.8642 0.5024
905.0000 89.3721 -655.7729 4.2816 0.0100 0.0225 0.8635 0.5037
906.0000 88.9281 -655.0355 4.2910 0.0062 0.0200 0.8633 0.5042
907.0000 88.4381 -654.2205 4.2977 0.0048 0.0167 0.8636 0.5039
908.0000 87.9966 -653.4751 4.2998 0.0061 0.0134 0.8642 0.5029
909.0000 87.5093 -652.6445 4.3033 0.0101 0.0111 0.8653 0.5010
910.0000 87.0603 -651.8836 4.3128 0.0125 0.0089 0.8667 0.4986
911.0000 86.5995 -651.1091 4.3298 0.0137 0.0094 0.8680 0.4962
912.0000 86.0833 -650.2543 4.3594 0.0122 0.0091 0.8697 0.4934
913.0000 85.6001 -649.4782 4.3868 0.0120 0.0074 0.8706 0.4918
914.0000 85.1118 -648.7032 4.4186 0.0133 0.0041 0.8711 0.4910
915.0000 84.5817 -647.8371 4.4573 0.0155 0.0027 0.8709 0.4912
916.0000 84.0873 -647.0363 4.4959 0.0153 0.0014 0.8711 0.4909
917.0000 83.5370 -646.1468 4.5429 0.0146 0.0006 0.8712 0.4907
918.0000 83.0326 -645.3223 4.5782 0.0139 0.0023 0.8716 0.4900
919.0000 82.5273 -644.4923 4.6160 0.0139 0.0046 0.8719 0.4894
920.0000 81.9582 -643.5764 4.6527 0.0118 0.0052 0.8727 0.4881
921.0000 81.4453 -642.7399 4.6810 0.0119 0.0061 0.8734 0.4868
922.0000 80.9288 -641.9085 4.7100 0.0121 0.0069 0.8743 0.4852
923.0000 80.3575 -640.9978 4.7410 0.0126 0.0079 0.8753 0.4833
924.0000 79.8349 -640.1722 4.7690 0.0124 0.0096 0.8763 0.4815
925.0000 79.3018 -639.3511 4.7955 0.0129 0.0102 0.8775 0.4793
926.0000 78.7146 -638.4528 4.8236 0.0140 0.0091 0.8786 0.4774
927.0000 78.1834 -637.6450 4.8556 0.0148 0.0093 0.8793 0.4760
928.0000 77.5924 -636.7591 4.8981 0.0133 0.0096 0.8799 0.4749
929.0000 77.0561 -635.9608 4.9356 0.0128 0.0103 0.8802 0.4743
930.0000 76.5314 -635.1685 4.9619 0.0131 0.0095 0.8807 0.4735
931.0000 75.9554 -634.3049 4.9926 0.0146 0.0090 0.8809 0.4730
932.0000 75.4333 -633.5324 5.0295 0.0138 0.0089 0.8811 0.4727
933.0000 74.9032 -632.7592 5.0587 0.0114 0.0101 0.8810 0.4729
934.0000 74.3255 -631.9159 5.0794 0.0111 0.0093 0.8811 0.4727
935.0000 73.8080 -631.1525 5.0923 0.0124 0.0090 0.8812 0.4724
936.0000 73.2459 -630.3175 5.1124 0.0135 0.0097 0.8814 0.4720
937.0000 72.7379 -629.5696 5.1383 0.0133 0.0098 0.8818 0.4713
938.0000 72.2330 -628.8333 5.1664 0.0136 0.0100 0.8824 0.4702
939.0000 71.6831 -628.0345 5.1895 0.0147 0.0098 0.8831 0.4688
940.0000 71.1773 -627.3142 5.2085 0.0135 0.0095 0.8837 0.4678
941.0000 70.6807 -626.6036 5.2265 0.0125 0.0110 0.8843 0.4666
942.0000 70.1414 -625.8357 5.2459 0.0114 0.0110 0.8851 0.4651
943.0000 69.6554 -625.1582 5.2564 0.0127 0.0092 0.8857 0.4640
944.0000 69.1307 -624.4272 5.2700 0.0132 0.0084 0.8863 0.4628
945.0000 68.6595 -623.7737 5.2797 0.0128 0.0084 0.8867 0.4621
946.0000 68.1979 -623.1387 5.2904 0.0120 0.0085 0.8869 0.4617
947.0000 67.7000 -622.4643 5.2936 0.0113 0.0071 0.8871 0.4614
948.0000 67.2622 -621.8707 5.3066 0.0113 0.0056 0.8874 0.4608
949.0000 66.8420 -621.2880 5.3232 0.0105 0.0072 0.8877 0.4602
950.0000 66.3975 -620.6702 5.3391 0.0106 0.0096 0.8883 0.4590
951.0000 65.9991 -620.1324 5.3558 0.0084 0.0096 0.8888 0.4581
952.0000 65.5748 -619.5710 5.3748 0.0072 0.0085 0.8892 0.4573
953.0000 65.2110 -619.0812 5.3890 0.0076 0.0090 0.8897 0.4564
954.0000 64.8581 -618.6173 5.4074 0.0072 0.0085 0.8901 0.4555
955.0000 64.4953 -618.1329 5.4221 0.0084 0.0084 0.8906 0.4547
956.0000 64.1910 -617.7188 5.4381 0.0097 0.0093 0.8908 0.4541
957.0000 63.9011 -617.3292 5.4521 0.0098 0.0104 0.8910 0.4537
958.0000 63.6046 -616.9311 5.4624 0.0115 0.0102 0.8913 0.4532
959.0000 63.3465 -616.5984 5.4685 0.0109 0.0080 0.8913 0.4531
960.0000 63.0858 -616.2527 5.4681 0.0097 0.0068 0.8913 0.4532
961.0000 62.8790 -615.9567 5.4676 0.0096 0.0081 0.8917 0.4524
962.0000 62.6894 -615.6809 5.4737 0.0110 0.0111 0.8921 0.4516
963.0000 62.4936 -615.4105 5.4728 0.0120 0.0111 0.8921 0.4516
964.0000 62.3259 -615.1881 5.4758 0.0123 0.0100 0.8923 0.4512
965.0000 62.1783 -614.9812 5.4721 0.0122 0.0096 0.8928 0.4503
966.0000 62.0275 -614.7694 5.4783 0.0119 0.0105 0.8928 0.4501
967.0000 61.8974 -614.5978 5.4812 0.0116 0.0107 0.8928 0.4502
968.0000 61.7725 -614.4298 5.4761 0.0135 0.0101 0.8930 0.4497
969.0000 61.6386 -614.2512 5.4686 0.0152 0.0096 0.8932 0.4493
970.0000 61.5187 -614.0911 5.4688 0.0160 0.0098 0.8930 0.4496
971.0000 61.3873 -613.9140 5.4607 0.0164 0.0102 0.8931 0.4494
972.0000 61.2657 -613.7540 5.4557 0.0163 0.0106 0.8932 0.4492
973.0000 61.1457 -613.5988 5.4561 0.0162 0.0104 0.8932 0.4493
974.0000 61.0162 -613.4276 5.4518 0.0164 0.0100 0.8931 0.4494
975.0000 60.8959 -613.2726 5.4470 0.0167 0.0090 0.8932 0.4493
976.0000 60.7758 -613.1187 5.4425 0.0166 0.0085 0.8933 0.4492
977.0000 60.6446 -612.9447 5.4415 0.0160 0.0090 0.8933 0.4491
978.0000 60.5321 -612.7908 5.4438 0.0160 0.0097 0.8933 0.4490
979.0000 60.4109 -612.6249 5.4523 0.0164 0.0105 0.8934 0.4488
980.0000 60.3046 -612.4821 5.4601 0.0165 0.0106 0.8934 0.4488
981.0000 60.1964 -612.3439 5.4709 0.0163 0.0101 0.8934 0.4488
982.0000 60.0777 -612.1920 5.4756 0.0163 0.0096 0.8935 0.4487
983.0000 59.9758 -612.0548 5.4843 0.0163 0.0099 0.8936 0.4486
984.0000 59.8781 -611.9203 5.4926 0.0161 0.0107 0.8935 0.4486
985.0000 59.7748 -611.7802 5.4957 0.0158 0.0109 0.8935 0.4486
986.0000 59.6819 -611.6634 5.4951 0.0157 0.0104 0.8935 0.4486
987.0000 59.5837 -611.5429 5.5032 0.0159 0.0093 0.8935 0.4486
988.0000 59.4993 -611.4336 5.5128 0.0164 0.0091 0.8936 0.4485
989.0000 59.4199 -611.3233 5.5201 0.0171 0.0100 0.8936 0.4485
990.0000 59.3322 -611.2005 5.5226 0.0178 0.0113 0.8935 0.4486
991.0000 59.2485 -611.0957 5.5258 0.0178 0.0114 0.8934 0.4487
992.0000 59.1581 -610.9860 5.5220 0.0160 0.0108 0.8935 0.4486
993.0000 59.0588 -610.8694 5.5187 0.0140 0.0096 0.8936 0.4485
994.0000 58.9754 -610.7692 5.5234 0.0138 0.0085 0.8936 0.4487
995.0000 58.8975 -610.6716 5.5316 0.0146 0.0081 0.8936 0.4486
996.0000 58.8130 -610.5638 5.5417 0.0155 0.0081 0.8936 0.4485
997.0000 58.7345 -610.4651 5.5492 0.0158 0.0082 0.8936 0.4485
998.0000 58.6449 -610.3541 5.5517 0.0158 0.0081 0.8937 0.4484
999.0000 58.5614 -610.2478 5.5488 0.0162 0.0077 0.8937 0.4483
1000.0000 58.4723 -610.1339 5.5427 0.0168 0.0073 0.8938 0.4481
1001.0000 58.3692 -610.0002 5.5419 0.0184 0.0068 0.8940 0.4477
1002.0000 58.2645 -609.8652 5.5424 0.0203 0.0064 0.8942 0.4472
1003.0000 58.1442 -609.7111 5.5451 0.0219 0.0061 0.8945 0.4464
1004.0000 57.9896 -609.5192 5.5515 0.0226 0.0053 0.8952 0.4451
1005.0000 57.8314 -609.3235 5.5601 0.0233 0.0045 0.8960 0.4433
1006.0000 57.6406 -609.0812 5.5676 0.0240 0.0050 0.8973 0.4407
1007.0000 57.4507 -608.8377 5.5667 0.0254 0.0059 0.8985 0.4382
1008.0000 57.2399 -608.5789 5.5609 0.0270 0.0057 0.8999 0.4352
1009.0000 56.9826 -608.2742 5.5654 0.0264 0.0046 0.9019 0.4311
1010.0000 56.7379 -607.9801 5.5748 0.0273 0.0055 0.9039 0.4269
1011.0000 56.4748 -607.6609 5.5693 0.0282 0.0072 0.9058 0.4226
1012.0000 56.1671 -607.2986 5.5723 0.0279 0.0087 0.9081 0.4177
1013.0000 55.8648 -606.9558 5.5804 0.0266 0.0096 0.9102 0.4132
1014.0000 55.5484 -606.6064 5.5891 0.0273 0.0083 0.9124 0.4084
1015.0000 55.1786 -606.2060 5.5939 0.0280 0.0081 0.9146 0.4034
1016.0000 54.8241 -605.8197 5.5998 0.0265 0.0102 0.9165 0.3991
1017.0000 54.4193 -605.3798 5.6043 0.0254 0.0127 0.9185 0.3945
1018.0000 54.0329 -604.9776 5.6117 0.0246 0.0131 0.9202 0.3904
1019.0000 53.6214 -604.5718 5.6189 0.0219 0.0114 0.9216 0.3873
1020.0000 53.1535 -604.1085 5.6271 0.0192 0.0111 0.9229 0.3845
1021.0000 52.7190 -603.6826 5.6416 0.0188 0.0093 0.9238 0.3822
1022.0000 52.2196 -603.1979 5.6535 0.0171 0.0077 0.9243 0.3813
1023.0000 51.7525 -602.7463 5.6623 0.0151 0.0056 0.9246 0.3806
1024.0000 51.2774 -602.2785 5.6695 0.0154 0.0060 0.9251 0.3792
1025.0000 50.7382 -601.7523 5.6828 0.0151 0.0062 0.9255 0.3784
1026.0000 50.2327 -601.2639 5.6995 0.0160 0.0070 0.9257 0.3778
1027.0000 49.7132 -600.7753 5.7159 0.0175 0.0028 0.9262 0.3766
1028.0000 49.1243 -600.2275 5.7398 0.0192 -0.0013 0.9264 0.3760
1029.0000 48.5853 -599.7083 5.7618 0.0223 -0.0015 0.9267 0.3751
1030.0000 47.9766 -599.1183 5.7935 0.0237 0.0017 0.9271 0.3741
1031.0000 47.3990 -598.5801 5.8314 0.0210 0.0009 0.9273 0.3738
1032.0000 46.8117 -598.0366 5.8730 0.0197 -0.0002 0.9275 0.3732
1033.0000 46.1528 -597.4251 5.9161 0.0180 -0.0005 0.9280 0.3721
1034.0000 45.5456 -596.8591 5.9497 0.0188 -0.0003 0.9285 0.3709
1035.0000 44.9192 -596.2837 5.9904 0.0178 0.0011 0.9291 0.3695
1036.0000 44.2226 -595.6398 6.0265 0.0176 0.0022 0.9299 0.3674
1037.0000 43.5757 -595.0547 6.0665 0.0176 0.0024 0.9308 0.3650
1038.0000 42.9228 -594.4597 6.1013 0.0174 0.0044 0.9319 0.3624
1039.0000 42.1961 -593.8068 6.1494 0.0170 0.0064 0.9330 0.3595
1040.0000 41.5326 -593.2159 6.1873 0.0175 0.0075 0.9338 0.3573
1041.0000 40.8010 -592.5722 6.2308 0.0185 0.0070 0.9346 0.3552
1042.0000 40.1411 -591.9843 6.2697 0.0199 0.0073 0.9350 0.3540
1043.0000 39.4781 -591.4035 6.3130 0.0206 0.0049 0.9353 0.3534
1044.0000 38.7449 -590.7650 6.3635 0.0214 0.0037 0.9351 0.3538
1045.0000 38.0810 -590.1812 6.4005 0.0216 0.0019 0.9349 0.3542
1046.0000 37.4187 -589.5957 6.4399 0.0205 -0.0005 0.9345 0.3553
1047.0000 36.6934 -588.9437 6.4797 0.0197 0.0002 0.9342 0.3561
1048.0000 36.0288 -588.3458 6.5175 0.0201 0.0021 0.9339 0.3570
1049.0000 35.2931 -587.6874 6.5654 0.0196 0.0028 0.9334 0.3583
1050.0000 34.6230 -587.0895 6.6052 0.0209 0.0022 0.9329 0.3595
1051.0000 33.9554 -586.4863 6.6456 0.0217 0.0020 0.9324 0.3607
1052.0000 33.2181 -585.8174 6.6899 0.0220 0.0023 0.9319 0.3619
1053.0000 32.5492 -585.2042 6.7321 0.0220 0.0023 0.9314 0.3633
1054.0000 31.8772 -584.5888 6.7738 0.0217 0.0018 0.9310 0.3645
1055.0000 31.1379 -583.9076 6.8253 0.0224 0.0022 0.9304 0.3658
1056.0000 30.4684 -583.2855 6.8678 0.0227 0.0023 0.9300 0.3669
1057.0000 29.7316 -582.5979 6.9095 0.0242 0.0019 0.9295 0.3681
1058.0000 29.0577 -581.9682 6.9508 0.0239 0.0018 0.9292 0.3687
1059.0000 28.3840 -581.3383 6.9971 0.0242 0.0019 0.9291 0.3690
1060.0000 27.6366 -580.6392 7.0548 0.0227 0.0017 0.9291 0.3691
1061.0000 26.9560 -580.0039 7.1057 0.0230 0.0013 0.9291 0.3691
1062.0000 26.2725 -579.3686 7.1527 0.0230 0.0005 0.9291 0.3690
1063.0000 25.5177 -578.6662 7.2007 0.0239 -0.0002 0.9293 0.3684
1064.0000 24.8292 -578.0245 7.2507 0.0236 0.0004 0.9296 0.3677
1065.0000 24.0697 -577.3168 7.3072 0.0234 0.0011 0.9299 0.3670
1066.0000 23.3789 -576.6786 7.3581 0.0248 -0.0000 0.9301 0.3664
1067.0000 22.6887 -576.0411 7.4115 0.0256 -0.0007 0.9304 0.3656
1068.0000 21.9315 -575.3436 7.4745 0.0272 -0.0011 0.9308 0.3645
1069.0000 21.2341 -574.7118 7.5376 0.0247 -0.0013 0.9313 0.3634
1070.0000 20.5398 -574.0837 7.5986 0.0235 -0.0006 0.9318 0.3623
1071.0000 19.7745 -573.3933 7.6590 0.0216 -0.0004 0.9323 0.3611
1072.0000 19.0859 -572.7679 7.7061 0.0227 0.0003 0.9326 0.3603
1073.0000 18.3952 -572.1480 7.7522 0.0231 0.0002 0.9330 0.3591
1074.0000 17.6373 -571.4703 7.8029 0.0239 0.0007 0.9334 0.3581
1075.0000 16.9517 -570.8577 7.8536 0.0243 0.0010 0.9338 0.3569
1076.0000 16.2026 -570.1896 7.9068 0.0261 0.0011 0.9341 0.3560
1077.0000 15.5201 -569.5902 7.9597 0.0267 0.0001 0.9345 0.3551
1078.0000 14.8378 -568.9929 8.0128 0.0262 -0.0004 0.9348 0.3541
1079.0000 14.0870 -568.3381 8.0686 0.0238 -0.0004 0.9352 0.3532
1080.0000 13.4045 -567.7429 8.1203 0.0212 0.0002 0.9354 0.3528
1081.0000 12.7275 -567.1575 8.1681 0.0209 -0.0013 0.9355 0.3528
1082.0000 11.9912 -566.5227 8.2254 0.0225 -0.0034 0.9352 0.3535
1083.0000 11.3256 -565.9430 8.2771 0.0235 -0.0042 0.9349 0.3541
1084.0000 10.6027 -565.2996 8.3294 0.0251 -0.0023 0.9344 0.3553
1085.0000 9.9518 -564.7112 8.3792 0.0254 0.0006 0.9340 0.3564
1086.0000 9.3095 -564.1279 8.4273 0.0265 0.0022 0.9336 0.3573
1087.0000 8.6094 -563.4977 8.4886 0.0270 0.0028 0.9332 0.3583
1088.0000 7.9814 -562.9289 8.5439 0.0277 0.0040 0.9329 0.3591
1089.0000 7.3595 -562.3711 8.6005 0.0279 0.0030 0.9325 0.3601
1090.0000 6.6857 -561.7702 8.6621 0.0287 0.0009 0.9320 0.3614
1091.0000 6.0939 -561.2389 8.7153 0.0328 -0.0023 0.9314 0.3625
1092.0000 5.4606 -560.6678 8.7815 0.0355 -0.0043 0.9309 0.3636
1093.0000 4.8952 -560.1590 8.8421 0.0355 -0.0067 0.9306 0.3643
1094.0000 4.3490 -559.6520 8.8961 0.0347 -0.0047 0.9304 0.3650
1095.0000 3.7698 -559.1067 8.9537 0.0334 -0.0023 0.9303 0.3653
1096.0000 3.2673 -558.6338 9.0038 0.0342 -0.0010 0.9301 0.3656
1097.0000 2.7797 -558.1859 9.0596 0.0347 -0.0013 0.9300 0.3659
1098.0000 2.2783 -557.7109 9.1179 0.0386 0.0010 0.9299 0.3659
1099.0000 1.8383 -557.3004 9.1689 0.0406 0.0007 0.9299 0.3655
1100.0000 1.4088 -556.9063 9.2222 0.0400 0.0005 0.9299 0.3657
1101.0000 0.9543 -556.4927 9.2811 0.0387 -0.0008 0.9299 0.3659
1102.0000 0.5631 -556.1276 9.3364 0.0386 0.0005 0.9301 0.3654
1103.0000 0.1470 -555.7474 9.4019 0.0393 -0.0004 0.9301 0.3653
1104.0000 -0.2239 -555.4174 9.4534 0.0412 -0.0030 0.9298 0.3656
1105.0000 -0.5878 -555.0945 9.5045 0.0413 -0.0054 0.9298 0.3657
1106.0000 -0.9766 -554.7418 9.5551 0.0408 -0.0056 0.9298 0.3659
1107.0000 -1.3202 -554.4265 9.6051 0.0400 -0.0050 0.9298 0.3658
1108.0000 -1.6592 -554.1160 9.6507 0.0387 -0.0041 0.9298 0.3661
1109.0000 -2.0225 -553.7868 9.6990 0.0377 -0.0061 0.9297 0.3663
1110.0000 -2.3436 -553.4936 9.7365 0.0375 -0.0068 0.9295 0.3667
1111.0000 -2.6855 -553.1728 9.7765 0.0376 -0.0066 0.9295 0.3670
1112.0000 -2.9875 -552.8857 9.8105 0.0385 -0.0048 0.9293 0.3674
1113.0000 -3.2841 -552.6052 9.8435 0.0389 -0.0034 0.9292 0.3675
1114.0000 -3.6036 -552.3037 9.8792 0.0396 -0.0024 0.9292 0.3675
1115.0000 -3.8872 -552.0402 9.9099 0.0395 -0.0022 0.9292 0.3675
1116.0000 -4.1603 -551.7865 9.9451 0.0401 -0.0017 0.9291 0.3676
1117.0000 -4.4478 -551.5170 9.9857 0.0410 -0.0010 0.9293 0.3671
1118.0000 -4.6981 -551.2819 10.0318 0.0414 -0.0004 0.9293 0.3669
1119.0000 -4.9697 -551.0344 10.0749 0.0420 -0.0015 0.9294 0.3668
1120.0000 -5.2049 -550.8183 10.1184 0.0435 -0.0019 0.9294 0.3664
1121.0000 -5.4289 -550.6046 10.1581 0.0458 -0.0012 0.9296 0.3658
1122.0000 -5.6655 -550.3767 10.2015 0.0478 0.0004 0.9298 0.3649
1123.0000 -5.8792 -550.1758 10.2317 0.0482 0.0013 0.9303 0.3635
1124.0000 -6.0889 -549.9876 10.2605 0.0487 0.0005 0.9310 0.3617
1125.0000 -6.3114 -549.7939 10.2913 0.0488 -0.0008 0.9314 0.3606
1126.0000 -6.5043 -549.6290 10.3179 0.0490 -0.0023 0.9318 0.3595
1127.0000 -6.7035 -549.4587 10.3514 0.0483 -0.0031 0.9324 0.3581
1128.0000 -6.8697 -549.3135 10.3809 0.0482 -0.0032 0.9329 0.3570
1129.0000 -7.0253 -549.1715 10.4038 0.0485 -0.0028 0.9333 0.3558
1130.0000 -7.1870 -549.0275 10.4291 0.0489 -0.0022 0.9337 0.3546
1131.0000 -7.3280 -548.9037 10.4531 0.0494 -0.0018 0.9340 0.3538
1132.0000 -7.4600 -548.7922 10.4781 0.0500 -0.0023 0.9340 0.3537
1133.0000 -7.5987 -548.6795 10.5026 0.0507 -0.0039 0.9339 0.3539
1134.0000 -7.7152 -548.5807 10.5185 0.0515 -0.0040 0.9338 0.3541
1135.0000 -7.8239 -548.4862 10.5331 0.0520 -0.0036 0.9336 0.3544
1136.0000 -7.9389 -548.3906 10.5480 0.0527 -0.0035 0.9335 0.3548
1137.0000 -8.0369 -548.3113 10.5615 0.0532 -0.0038 0.9335 0.3546
1138.0000 -8.1384 -548.2281 10.5756 0.0535 -0.0041 0.9337 0.3540
1139.0000 -8.2238 -548.1562 10.5885 0.0535 -0.0039 0.9338 0.3539
1140.0000 -8.3027 -548.0922 10.6030 0.0536 -0.0041 0.9338 0.3538
1141.0000 -8.3860 -548.0281 10.6159 0.0540 -0.0050 0.9338 0.3536
1142.0000 -8.4585 -547.9732 10.6289 0.0541 -0.0061 0.9339 0.3534
1143.0000 -8.5253 -547.9164 10.6384 0.0542 -0.0063 0.9340 0.3532
1144.0000 -8.5907 -547.8550 10.6489 0.0544 -0.0057 0.9340 0.3529
1145.0000 -8.6468 -547.8071 10.6582 0.0546 -0.0053 0.9341 0.3528
1146.0000 -8.7044 -547.7575 10.6657 0.0548 -0.0059 0.9342 0.3525
1147.0000 -8.7534 -547.7124 10.6665 0.0550 -0.0063 0.9342 0.3523
1148.0000 -8.7985 -547.6728 10.6728 0.0552 -0.0064 0.9343 0.3521
1149.0000 -8.8435 -547.6316 10.6847 0.0555 -0.0061 0.9344 0.3519
1150.0000 -8.8834 -547.5967 10.6930 0.0556 -0.0060 0.9344 0.3518
1151.0000 -8.9217 -547.5645 10.7012 0.0559 -0.0059 0.9344 0.3516
1152.0000 -8.9601 -547.5324 10.7076 0.0561 -0.0060 0.9345 0.3515
1153.0000 -8.9917 -547.5052 10.7146 0.0563 -0.0061 0.9345 0.3514
1154.0000 -9.0223 -547.4792 10.7217 0.0565 -0.0060 0.9346 0.3512
1155.0000 -9.0482 -547.4577 10.7290 0.0566 -0.0059 0.9346 0.3511
1156.0000 -9.0716 -547.4401 10.7354 0.0567 -0.0060 0.9346 0.3511
1157.0000 -9.0934 -547.4240 10.7421 0.0567 -0.0061 0.9346 0.3510
1158.0000 -9.1098 -547.4130 10.7461 0.0568 -0.0064 0.9346 0.3509
1159.0000 -9.1237 -547.4040 10.7488 0.0568 -0.0065 0.9347 0.3509
1160.0000 -9.1365 -547.3962 10.7514 0.0569 -0.0066 0.9347 0.3508
1161.0000 -9.1465 -547.3895 10.7504 0.0570 -0.0066 0.9347 0.3509
1162.0000 -9.1570 -547.3821 10.7478 0.0573 -0.0067 0.9347 0.3508
1163.0000 -9.1667 -547.3757 10.7455 0.0576 -0.0069 0.9347 0.3507
1164.0000 -9.1794 -547.3604 10.7380 0.0580 -0.0071 0.9347 0.3507
1165.0000 -9.1944 -547.3440 10.7313 0.0582 -0.0071 0.9347 0.3506
1166.0000 -9.2123 -547.3205 10.7214 0.0583 -0.0072 0.9347 0.3506
1167.0000 -9.2330 -547.2977 10.7150 0.0581 -0.0071 0.9347 0.3505
1168.0000 -9.2574 -547.2704 10.7098 0.0581 -0.0071 0.9348 0.3504
1169.0000 -9.2803 -547.2480 10.7089 0.0580 -0.0070 0.9347 0.3505
1170.0000 -9.3051 -547.2266 10.7096 0.0578 -0.0071 0.9347 0.3505
1171.0000 -9.3368 -547.1998 10.7107 0.0579 -0.0071 0.9348 0.3505
1172.0000 -9.3685 -547.1728 10.7125 0.0578 -0.0071 0.9348 0.3505
1173.0000 -9.4083 -547.1411 10.7152 0.0576 -0.0071 0.9347 0.3506
1174.0000 -9.4472 -547.1107 10.7193 0.0574 -0.0071 0.9347 0.3506
1175.0000 -9.4904 -547.0763 10.7278 0.0573 -0.0073 0.9348 0.3506
1176.0000 -9.5403 -547.0356 10.7369 0.0573 -0.0075 0.9348 0.3505
1177.0000 -9.5899 -546.9928 10.7484 0.0573 -0.0075 0.9348 0.3504
1178.0000 -9.6412 -546.9479 10.7598 0.0574 -0.0074 0.9349 0.3503
1179.0000 -9.7029 -546.8956 10.7757 0.0575 -0.0071 0.9349 0.3503
1180.0000 -9.7621 -546.8454 10.7905 0.0576 -0.0070 0.9348 0.3503
1181.0000 -9.8317 -546.7862 10.8097 0.0578 -0.0069 0.9348 0.3503
1182.0000 -9.8977 -546.7299 10.8263 0.0578 -0.0070 0.9349 0.3502
1183.0000 -9.9659 -546.6706 10.8432 0.0577 -0.0068 0.9349 0.3501
1184.0000 -10.0482 -546.6034 10.8640 0.0574 -0.0069 0.9349 0.3502
1185.0000 -10.1250 -546.5415 10.8804 0.0571 -0.0072 0.9349 0.3501
1186.0000 -10.2028 -546.4789 10.9013 0.0568 -0.0074 0.9349 0.3502
1187.0000 -10.2884 -546.4052 10.9182 0.0572 -0.0074 0.9349 0.3501
1188.0000 -10.3692 -546.3334 10.9359 0.0575 -0.0069 0.9349 0.3501
1189.0000 -10.4517 -546.2616 10.9542 0.0578 -0.0066 0.9348 0.3503
1190.0000 -10.5425 -546.1805 10.9770 0.0578 -0.0062 0.9349 0.3502
1191.0000 -10.6239 -546.1038 10.9956 0.0582 -0.0048 0.9349 0.3500
1192.0000 -10.7128 -546.0218 11.0196 0.0582 -0.0034 0.9349 0.3502
1193.0000 -10.7931 -545.9538 11.0439 0.0578 -0.0032 0.9349 0.3502
1194.0000 -10.8707 -545.8903 11.0659 0.0574 -0.0036 0.9349 0.3501
1195.0000 -10.9529 -545.8242 11.0881 0.0575 -0.0039 0.9349 0.3503
1196.0000 -11.0235 -545.7646 11.1034 0.0575 -0.0037 0.9349 0.3502
1197.0000 -11.0915 -545.7087 11.1216 0.0573 -0.0037 0.9351 0.3498
1198.0000 -11.1601 -545.6519 11.1396 0.0570 -0.0034 0.9352 0.3496
1199.0000 -11.2192 -545.6056 11.1589 0.0564 -0.0035 0.9353 0.3494
1200.0000 -11.2767 -545.5593 11.1732 0.0561 -0.0034 0.9354 0.3491
