1.000000000000000000e+00 1.781720578400267770e-17 2.962985611268491427e-18 4.654545637805540537e-10 3.793526384132393010e-18 1.000000000000000000e+00 7.943679793970173763e-18 -2.333863657888457510e-10 4.241911872405211454e-18 1.314189684629568044e-18 9.999999999999998890e-01 1.204136790278198532e-11
9.999991404041775889e-01 -2.015142446105297979e-04 1.295601243507425769e-03 1.258910751096160574e+00 2.026487718238615657e-04 9.999995961297555302e-01 -8.755940947528140401e-04 -3.849282166568379626e-03 -1.295424487318282613e-03 8.758560062624952403e-04 9.999987773796374935e-01 9.591534857023575888e-03
9.999982106670859405e-01 -5.570495103627865364e-04 1.807860025307012671e-03 2.646318359885813543e+00 5.601035765273040335e-04 9.999984163589491493e-01 -1.689244341520381104e-03 -5.910031575971252948e-03 -1.806916466328010269e-03 1.690254124182234132e-03 9.999969390511203038e-01 2.583562484927481862e-02
9.999996172619241008e-01 -7.111502643932551392e-04 5.096482072548740938e-04 3.908699663027849436e+00 7.128827808591946561e-04 9.999939410126491568e-01 -3.407301112323911623e-03 -1.007515128616059963e-02 -5.072221024379162122e-04 3.407663563806288994e-03 9.999940652774134131e-01 3.733493764048456676e-02
9.999994690077250725e-01 -6.164879980031277113e-04 8.257885373124269077e-04 5.302748740755268031e+00 6.194937796495238007e-04 9.999931666474679570e-01 -3.644564172895298649e-03 -1.357337188765472824e-02 -8.235362015585169851e-04 3.645074275083190485e-03 9.999930176054121489e-01 5.122681343049650948e-02
9.999985629996910319e-01 -4.954350146145546996e-04 1.621277956862393101e-03 6.572833131574978616e+00 5.017973564232325150e-04 9.999921664918304254e-01 -3.926208542882704544e-03 -1.730990841198909447e-02 -1.619320341467049562e-03 3.927016956604464232e-03 9.999909781497063888e-01 5.923675295807084851e-02
9.999964474149313221e-01 -3.789921064060073567e-04 2.638469487192877678e-03 7.846227407552879285e+00 3.935412694316810863e-04 9.999847098459219152e-01 -5.515898941340830787e-03 -2.319035992205653596e-02 -2.636339093485183700e-03 5.516918398507027720e-03 9.999813065189463446e-01 6.576291921964450005e-02
9.999935974706415376e-01 -5.767234187427063225e-04 3.531629314243933497e-03 9.250328140298684332e+00 5.950078027055570162e-04 9.999864146866920267e-01 -5.178450834837735640e-03 -2.667881694384849345e-02 -3.528595379238201428e-03 5.180519689864629580e-03 9.999803554507079584e-01 7.407788952559035689e-02
9.999978384820517041e-01 -8.326257956892379455e-04 1.905194178803576140e-03 1.052719779363981800e+01 8.415667916618547496e-04 9.999886150875667568e-01 -4.696957655748910769e-03 -2.860146760423781798e-02 -1.901261993896932647e-03 4.698551452788420936e-03 9.999871543510405747e-01 8.161103846950790164e-02
9.999992180506243056e-01 -9.307507967575927819e-04 -8.352251903563994665e-04 1.193531766725321930e+01 9.292555742736705341e-04 9.999979682527990743e-01 -1.788842130056400234e-03 -2.999750875654122462e-02 8.368885910429879225e-04 1.788064822385981379e-03 9.999980512280205458e-01 8.599096545865370089e-02
9.999982957183018994e-01 -6.140673859131879492e-04 -1.741114993315772720e-03 1.321992457321789161e+01 6.167317978680158250e-04 9.999986391335050628e-01 1.530159406038712972e-03 -2.885424192125274345e-02 1.740173282973691378e-03 -1.531230795304975049e-03 9.999973135537584268e-01 9.008730428250100175e-02
9.999985361428915809e-01 -5.412497027987962046e-04 -1.623194555718373341e-03 1.450821773911579804e+01 5.476017290021094287e-04 9.999921849069802748e-01 3.915391938520489459e-03 -2.598067266766651562e-02 1.621062926756585906e-03 -3.916275572451988034e-03 9.999910174117434547e-01 1.001419936132185162e-01
9.999995470140865539e-01 -4.042918124280230584e-04 -8.616958451690125706e-04 1.592960618879337531e+01 4.087515890914057053e-04 9.999864914269070981e-01 5.181692158880015810e-03 -2.443361053921710990e-02 8.595894272616298433e-04 -5.182042694505670406e-03 9.999862036507131124e-01 1.141716587844607833e-01
9.999985692310813246e-01 -1.580215093962054237e-05 1.691533480356695231e-03 1.722656222622481437e+01 1.051182428117630078e-05 9.999951093168959471e-01 3.127500836122802143e-03 -2.835564736842344224e-02 -1.691574903839419266e-03 -3.127478980484039821e-03 9.999936786902455799e-01 1.245537643666430050e-01
9.999922272305168391e-01 2.258194009619306100e-04 3.936303007627262041e-03 1.865564685845740556e+01 -2.220400955673954230e-04 9.999995140420498974e-01 -9.605229132348625182e-04 -3.633355180534464379e-02 -3.936518638672437814e-03 9.596415532380212681e-04 9.999917914270451957e-01 1.342979184704792273e-01
9.999982839371684973e-01 -1.982539612838396119e-05 1.852492645650115257e-03 1.995346233351441256e+01 2.651559984007448482e-05 9.999934781437964659e-01 -3.611499604446584584e-03 -4.352270427316023982e-02 -1.852409266176175025e-03 3.611542989179974614e-03 9.999917626536831694e-01 1.405593710720469680e-01
9.999997828010884771e-01 -1.691011559266408543e-04 -6.370263477813311410e-04 2.138603938422606277e+01 1.659014079573016846e-04 9.999873876555696040e-01 -5.019656722090109005e-03 -4.537891221055362356e-02 6.378672457733904327e-04 5.019550590666882819e-03 9.999871985631400007e-01 1.552251177602350651e-01
9.999977239640067683e-01 4.553966513128516894e-04 -2.084389610511517502e-03 2.269221589619268187e+01 -4.613182651823575218e-04 9.999958570121205703e-01 -2.841322750045477841e-03 -4.290255076013466118e-02 2.083087386966235056e-03 2.842278213757249046e-03 9.999937910963374588e-01 1.741861528216716026e-01
9.999987245957328019e-01 1.226162761100696831e-03 -1.023392142094833217e-03 2.400453485404045040e+01 -1.226052801025772666e-03 9.999992425533376084e-01 1.081135672469701799e-04 -3.846568690455720585e-02 1.023524104302691532e-03 -1.068587102537784923e-04 9.999994704891976838e-01 1.897958594712235714e-01
9.999834343829006045e-01 1.889288702155994841e-03 5.437052749040555653e-03 2.545746385371548115e+01 -1.897029425373970585e-03 9.999971940237614154e-01 1.418886214415284635e-03 -3.856612471799919506e-02 -5.434357681511020263e-03 -1.429177141352033168e-03 9.999842124756498363e-01 2.056309449433539882e-01
9.999820571637341171e-01 2.348706270726893044e-03 5.510800652055991393e-03 2.677462625263742879e+01 -2.343632927912180260e-03 9.999968241065254615e-01 -9.269049276770952852e-04 -4.553277055135651619e-02 -5.512961062873650113e-03 9.139731198171939259e-04 9.999843858420424114e-01 2.146440763168740995e-01
9.999908388157648931e-01 1.978411427340227673e-03 3.795809518323084355e-03 2.822572386620307228e+01 -1.958117378177829868e-03 9.999838103204049533e-01 -5.342734998776074024e-03 -5.611216035775912214e-02 -3.806318803061968861e-03 5.335254095529317307e-03 9.999785232993380069e-01 2.287004151261046170e-01
9.999970908883738518e-01 2.017870523445057865e-03 1.321519059807100627e-03 2.954633208166894320e+01 -2.010022030198788112e-03 9.999804938743400706e-01 -5.913680720206269774e-03 -6.189845443695279892e-02 -1.333426531376731864e-03 5.911007990920155199e-03 9.999816408422409486e-01 2.413021315910097719e-01
9.999964246734427409e-01 2.474944997603132670e-03 -1.012564546506161157e-03 3.100353758283452521e+01 -2.480978013994122270e-03 9.999789171057796855e-01 -6.000835656011394015e-03 -6.723858172891056251e-02 9.976916347204912126e-04 6.003327119837967817e-03 9.999814821980456125e-01 2.587256067711609653e-01
9.999938961442287333e-01 3.202749525753587762e-03 -1.396448623136663150e-03 3.233233358382248213e+01 -3.206689820360159125e-03 9.999908582540107949e-01 -2.828519139826581996e-03 -6.830224101642878853e-02 1.387377060172749997e-03 2.832980215169257979e-03 9.999950247062613373e-01 2.748143825137979723e-01
9.999874374879232919e-01 3.607858644657660832e-03 -3.479686708030092952e-03 3.366228166526693144e+01 -3.614512792132436748e-03 9.999916476528900589e-01 -1.907853051504492447e-03 -7.211923358508781634e-02 3.472774962953383351e-03 1.920406701899931776e-03 9.999921259156869802e-01 2.915529078560218368e-01
9.999861418381751355e-01 3.532561753871495212e-03 -3.903477403188903953e-03 3.513096365604784665e+01 -3.536421480003028740e-03 9.999932643818512101e-01 -9.822958047398073437e-04 -7.696235702716716642e-02 3.899981742014641851e-03 9.960866606246094636e-04 9.999918989501825894e-01 3.144336820359923679e-01
9.999926848723676986e-01 3.436936035493640823e-03 -1.678592035037049235e-03 3.647171675077338904e+01 -3.438516005583206175e-03 9.999936472368324836e-01 -9.391938364048767326e-04 -8.150696887591660222e-02 1.675353711641721114e-03 9.449589526368428654e-04 9.999981501244566973e-01 3.368177386833531295e-01
9.999955336240203829e-01 2.988152831966926336e-03 -6.061359537321576579e-05 3.794882795474944714e+01 -2.988156657464316988e-03 9.999955335648351706e-01 -6.140212256740676443e-05 -8.759612574414921138e-02 6.042987032677162317e-05 6.158297923321377006e-05 9.999999962781871421e-01 3.544050466127198207e-01
9.999955803406296306e-01 2.951845203674616051e-03 -3.548358025438539233e-04 3.929118730608708887e+01 -2.950934987433189143e-03 9.999924222434299903e-01 2.539185570196224231e-03 -9.180463472339150943e-02 3.623284701075348002e-04 -2.538127575240523882e-03 9.999967132957010563e-01 3.686134001841133156e-01
9.999951138202526346e-01 3.078114325923995975e-03 -5.454787792963680616e-04 4.063642641094686070e+01 -3.075354493354769559e-03 9.999828195882629611e-01 4.990267519718314879e-03 -9.663524692163827368e-02 5.608301284091329452e-04 -4.988566234161154710e-03 9.999873997357880961e-01 3.785364401503431009e-01
9.999953089547450880e-01 3.063015605801554849e-03 1.794649842876724525e-06 4.212055218677573976e+01 -3.062948293174531759e-03 9.999690526255513578e-01 7.246530519135931450e-03 -9.912954183983896383e-02 2.040166065728433854e-05 -7.246502949616517517e-03 9.999737435121991425e-01 3.975325367952041722e-01
9.999960415796527169e-01 2.798768147504700817e-03 2.893462659441798767e-04 4.347262381358575567e+01 -2.801090056972779796e-03 9.999611133564043630e-01 8.362161436585299062e-03 -1.037808277936886903e-01 -2.659312920744374021e-04 -8.362939890835540541e-03 9.999649946088976504e-01 4.113151437514542264e-01
9.999972263810700257e-01 2.349505482903209170e-03 -1.644800596216343142e-04 4.496200874174503070e+01 -2.348249788580082913e-03 9.999708979805406184e-01 7.258717549026258084e-03 -1.120550918755388869e-01 1.815297111644756053e-04 -7.258312104760492219e-03 9.999736415962585667e-01 4.264589845974467441e-01
9.999982388486158280e-01 1.702264264057601947e-03 -7.903136572556327928e-04 4.631904658097811733e+01 -1.697129682697836109e-03 9.999777403053926594e-01 6.452805852468737786e-03 -1.194175804248625294e-01 8.012805850165686345e-04 -6.451454049044473039e-03 9.999788680925378870e-01 4.377399148258845352e-01
9.999997697303388833e-01 6.784143017380947016e-04 -1.712339655332466087e-05 4.781670388830433893e+01 -6.783031156081574878e-04 9.999828165087326637e-01 5.822941310934677192e-03 -1.259258742470894532e-01 2.107347609947871563e-05 -5.822929100490358348e-03 9.999830463559515881e-01 4.515831307733014777e-01
9.999996441616453291e-01 -2.966880558959450746e-04 7.897168222721137739e-04 4.918157161467208738e+01 2.919287266521575545e-04 9.999818373377014069e-01 6.019952426932402914e-03 -1.284016561918563948e-01 -7.914886567194374251e-04 -6.019720514204128167e-03 9.999815680580664834e-01 4.650184409439127031e-01
9.999985793652960142e-01 -1.322643208627830155e-03 1.044931658296701467e-03 5.054853296352502667e+01 1.315669269997231166e-03 9.999770440248425540e-01 6.646841183712431239e-03 -1.296001052955224053e-01 -1.053699247722167604e-03 -6.645457807036514453e-03 9.999773635180854159e-01 4.770812623631561222e-01
9.999965085996711522e-01 -2.556891615555875741e-03 6.671534120494679787e-04 5.205433477040241286e+01 2.552409423058591906e-03 9.999747304962707251e-01 6.635030895452267118e-03 -1.299398986141651891e-01 -6.841017317849030751e-04 -6.633305730267684795e-03 9.999777653528266752e-01 4.892381017169963320e-01
9.999915712238064414e-01 -3.647001389449446625e-03 1.885964318253968708e-03 5.342693876608331749e+01 3.633934368114272694e-03 9.999696865784403199e-01 6.886254955782898646e-03 -1.294753180481416632e-01 -1.911021658008578558e-03 -6.879344322991557022e-03 9.999745109534621257e-01 4.988323307313288213e-01
9.999858587673988719e-01 -4.486537309213512077e-03 2.855389009908580310e-03 5.493786628448101084e+01 4.471048216371262089e-03 9.999753811856808561e-01 5.408031095541358454e-03 -1.279971586715323573e-01 -2.879582537050211482e-03 -5.395188727846520448e-03 9.999812997725885388e-01 5.120390556855013431e-01
9.999832341484913290e-01 -5.086693027955143179e-03 2.767123796327256545e-03 5.631067025311784846e+01 5.075683256220062632e-03 9.999792324218937933e-01 3.971423167578037351e-03 -1.270893283411130836e-01 -2.787268218619693826e-03 -3.957312045811146699e-03 9.999882853221510048e-01 5.223648298198042550e-01
9.999811639682543163e-01 -5.684284250695859422e-03 2.315301200818909323e-03 5.768273695548354141e+01 5.680265477142026724e-03 9.999823555576108358e-01 1.738727935244101155e-03 -1.266436522534829801e-01 -2.325144178611833999e-03 -1.725543879854025313e-03 9.999958080848130315e-01 5.330079120315668328e-01
9.999796041671119573e-01 -5.747035370121250653e-03 2.786185954557691621e-03 5.919190289490791912e+01 5.746168197163365778e-03 9.999834396889757393e-01 3.192216710532329586e-04 -1.263129682151111211e-01 -2.787974874545311524e-03 -3.032053058966474980e-04 9.999960676228124568e-01 5.421507497395945396e-01
9.999800088717560875e-01 -5.327297330620950691e-03 3.406135252008273863e-03 6.056291056687247476e+01 5.330202961400447130e-03 9.999854377759093138e-01 -8.444906346226510206e-04 -1.254907281971699151e-01 -3.401587378070365566e-03 8.626292549933143976e-04 9.999938425234418116e-01 5.523323558798560740e-01
9.999797580989975287e-01 -4.913719457193883866e-03 4.042121967458308859e-03 6.206952942163303533e+01 4.921654755345778245e-03 9.999859765490189956e-01 -1.955505102327994345e-03 -1.243461505042561532e-01 -4.032457159811273298e-03 1.975359700919824234e-03 9.999899185823034609e-01 5.642136201628040748e-01
9.999833468269256898e-01 -4.480946468070578365e-03 3.636919694061204519e-03 6.343595418154684751e+01 4.494799267146905135e-03 9.999826413323126273e-01 -3.809694768550982158e-03 -1.230687045512086630e-01 -3.619786134862342918e-03 3.825979038797541754e-03 9.999861294412102364e-01 5.773989367470709899e-01
9.999879997886876870e-01 -4.009884839385187243e-03 2.814444977547144941e-03 6.479937740098412746e+01 4.024827370092397619e-03 9.999777289887656906e-01 -5.323742566028983464e-03 -1.242157139872162586e-01 -2.793035176901683542e-03 5.335007018057775878e-03 9.999818681918606345e-01 5.877993511252489478e-01
9.999920146185536929e-01 -3.322350566053225516e-03 2.220964843340352598e-03 6.629671953817208419e+01 3.333910769147037118e-03 9.999808092355889633e-01 -5.221699375562806333e-03 -1.236047571365864184e-01 -2.203574280648548482e-03 5.229062846219718896e-03 9.999839004795523234e-01 6.006426650567145975e-01
9.999942169594748798e-01 -2.552393723167082230e-03 2.247517061972725654e-03 6.765604054491149100e+01 2.560424935620626494e-03 9.999903219750290173e-01 -3.577728793875797203e-03 -1.220808629116139077e-01 -2.238363914863698845e-03 3.583463161156884118e-03 9.999910742385688112e-01 6.114265476532236843e-01
9.999911630785155436e-01 -2.068490765174706234e-03 3.659932847275271933e-03 6.915056602811145581e+01 2.070535525350200492e-03 9.999977024442014972e-01 -5.549624625468820797e-04 -1.147680599436236293e-01 -3.658777109005039146e-03 5.625356514937614660e-04 9.999931484323857367e-01 6.295120311463040519e-01
9.999868944496305145e-01 -1.369160968542941720e-03 4.933185886737376756e-03 7.050654435957704891e+01 1.354583331557956353e-03 9.999947101566201146e-01 2.957159248076314268e-03 -1.095506680523173348e-01 -4.937209427520216840e-03 -2.950438458939907884e-03 9.999834592892818952e-01 6.420672623271144186e-01
9.999847562622524721e-01 -6.247007398112513826e-04 5.486072083306851692e-03 7.199373150962810541e+01 5.871415004064562976e-04 9.999763987190929404e-01 6.845241509350228834e-03 -1.033525534258948886e-01 -5.490219727878018451e-03 -6.841916937159248611e-03 9.999615220614754829e-01 6.540615469902006929e-01
9.999868950878253449e-01 -2.883192016523091581e-05 5.119454732328678447e-03 7.334238789524356150e+01 -2.834752719190305922e-05 9.999376285554940624e-01 1.116862971728870696e-02 -9.865285049425948083e-02 -5.119458269446340581e-03 -1.116862990649939054e-02 9.999245235331940540e-01 6.623255400021967887e-01
9.999889395061775099e-01 6.335586860413320275e-04 4.660414662329695305e-03 7.468848203392283835e+01 -6.994404046304039018e-04 9.998996614028365926e-01 1.414842832459410095e-02 -9.638613074474322584e-02 -4.650983935375715278e-03 -1.415153332932348948e-02 9.998890450156437959e-01 6.698619872524751440e-01
9.999894198077505791e-01 1.340585205146728421e-03 4.400352291254644270e-03 7.616689831229987817e+01 -1.412504233890194078e-03 9.998648131990979238e-01 1.638170583492086149e-02 -9.210546568332977913e-02 -4.377797053311365851e-03 -1.638775012677999576e-02 9.998561278575944788e-01 6.853752097711801605e-01
9.999883454755121859e-01 1.663343422860956823e-03 4.532350159860510340e-03 7.750927332473902709e+01 -1.738695849886461291e-03 9.998594917209727706e-01 1.667254875172849773e-02 -9.324652215238349307e-02 -4.503981875806879059e-03 -1.668023695414669674e-02 9.998507307176360825e-01 6.966479013227642181e-01
9.999874602195224504e-01 1.831248212720897918e-03 4.661108197418977611e-03 7.898223109401169495e+01 -1.902695654857159639e-03 9.998800578916187121e-01 1.537041645695214412e-02 -9.799192883334645332e-02 -4.632402829736801710e-03 -1.537909435370635874e-02 9.998710037713794962e-01 7.083037367323380407e-01
9.999914072351906436e-01 1.786692996260479376e-03 3.740746070372743311e-03 8.031733289080337101e+01 -1.839836103696098225e-03 9.998967477616705901e-01 1.425162917241978508e-02 -1.038592287222924737e-01 -3.714897138216902758e-03 -1.425839089588301460e-02 9.998914429655593183e-01 7.171933386613129624e-01
9.999923673948449832e-01 1.523954548824726874e-03 3.597598095603396755e-03 8.165028172268853268e+01 -1.572395468949875979e-03 9.999076267933192375e-01 1.350057641511871916e-02 -1.072791440492417425e-01 -3.576692082256641408e-03 -1.350613194591422130e-02 9.999023910190629749e-01 7.293618028219530647e-01
9.999917182514069802e-01 1.270760065806409269e-03 3.866341245998800025e-03 8.311519702711323987e+01 -1.322989892807140827e-03 9.999075034383074767e-01 1.353640927978605815e-02 -1.105698157048164432e-01 -3.848782713031272291e-03 -1.354141403797259197e-02 9.999009035247587995e-01 7.415106473885185734e-01
9.999941277838615417e-01 7.728003733693156359e-04 3.338738575304417769e-03 8.444581032091259942e+01 -8.164090809473217988e-04 9.999141216202368510e-01 1.307986881664994182e-02 -1.093071095055443975e-01 -3.328344258877126774e-03 -1.308251945956437519e-02 9.999088807004217205e-01 7.532605898827479107e-01
9.999930858777140719e-01 -8.147466948203172166e-06 3.718619086311741873e-03 8.590606014533297241e+01 -4.177521207739892873e-05 9.999098826797698791e-01 1.342478617728882703e-02 -1.036530433162645981e-01 -3.718393956115182211e-03 -1.342485042084034554e-02 9.999029687076124162e-01 7.654543953659227462e-01
9.999899744037844540e-01 -9.126298302619931420e-04 4.383856219694400903e-03 8.723554012524840573e+01 8.552867354710810876e-04 9.999142882532683352e-01 1.306463695953390472e-02 -9.264079729918034412e-02 -4.395404367491537526e-03 -1.306075819614769574e-02 9.999050439475845042e-01 7.797180689541211018e-01
9.999834412345697254e-01 -1.995625227915321601e-03 5.397659820316506527e-03 8.856169321661825222e+01 1.936078872991215056e-03 9.999374618916321289e-01 1.101471732099751182e-02 -8.706739441944039148e-02 -5.419304399005775257e-03 -1.100408604395630707e-02 9.999247677410071367e-01 7.900753749337265930e-01
9.999759342026695030e-01 -3.250988704887736516e-03 6.128791175153513841e-03 9.001555894121288759e+01 3.197311965643328743e-03 9.999566265882826599e-01 8.747697703114997239e-03 -7.594708677725620083e-02 -6.156965031706471136e-03 -8.727892642327159459e-03 9.999429561737828154e-01 8.017406389437913283e-01
9.999727647526073238e-01 -3.834412430253793681e-03 6.306110305413586969e-03 9.133172179339830166e+01 3.791436132853308241e-03 9.999696039852189466e-01 6.812942037907456470e-03 -6.651297364082867092e-02 -6.332043302665673647e-03 -6.788848139992003337e-03 9.999569074286079884e-01 8.098215639918289188e-01
9.999751062232052901e-01 -4.305851534596794213e-03 5.589863204682011394e-03 9.277495568049141639e+01 4.275414700094262895e-03 9.999760327957561978e-01 5.445614145110123233e-03 -5.128186762582365166e-02 -5.613178171103762153e-03 -5.421580293635429836e-03 9.999695488631288320e-01 8.196755895750061915e-01
9.999766740755076100e-01 -4.555604169560923018e-03 5.088985222425641136e-03 9.408338721382824588e+01 4.534022665417989338e-03 9.999807137755494235e-01 4.244379257528138952e-03 -3.759537098739201832e-02 -5.108223639969372044e-03 -4.221207219243279171e-03 9.999780434719204303e-01 8.283322885847167472e-01
9.999781030553370753e-01 -4.690297216205024759e-03 4.668459875493124848e-03 9.551761699058003785e+01 4.667407159605729827e-03 9.999770923968828162e-01 4.902044217957123202e-03 -1.485452403544629263e-02 -4.691345762446627078e-03 -4.880147899599596682e-03 9.999770874325306647e-01 8.404581381869182799e-01
9.999815539155466615e-01 -4.566255649105001486e-03 4.005138545564923200e-03 9.681811275197718203e+01 4.547361250587409094e-03 9.999785493150189497e-01 4.714070371465700106e-03 3.453726641837739919e-03 -4.026578960189607787e-03 -4.695771204405862521e-03 9.999808679939433675e-01 8.512160035192203322e-01
9.999850509685576094e-01 -4.336760587619573927e-03 3.330216917773419754e-03 9.811661884267873290e+01 4.318794053589247554e-03 9.999761831206130935e-01 5.383424481327239719e-03 2.090152355115598715e-02 -3.353484791996101406e-03 -5.368962170416013459e-03 9.999799639680625463e-01 8.621660928902376009e-01
9.999860063923511344e-01 -3.968242549778826060e-03 3.498580871777895365e-03 9.954297242382176591e+01 3.943511306849188658e-03 9.999673883822098874e-01 7.047762345709487897e-03 4.184024833764360407e-02 -3.526434600472745911e-03 -7.033867929035235098e-03 9.999690439708350809e-01 8.754682643839255540e-01
9.999813315771194366e-01 -3.751680826361815206e-03 4.823005693483903983e-03 1.008370164741158277e+02 3.715512455775297086e-03 9.999650739701475555e-01 7.486379231918898619e-03 5.300566031466846795e-02 -4.850924557391317511e-03 -7.468320491023144533e-03 9.999603455424398435e-01 8.842286834632985260e-01
9.999732914839679632e-01 -3.618897304759963619e-03 6.349794784840111055e-03 1.022580178182175388e+02 3.563043245301192666e-03 9.999550580437441827e-01 8.785595746780875195e-03 7.226870270017887732e-02 -6.381304636413714232e-03 -8.762737624489019134e-03 9.999412449292247596e-01 8.978209748440446614e-01
9.999807412327569311e-01 -3.548543888485976988e-03 5.091659368670540392e-03 1.035452563577125318e+02 3.506317258134097978e-03 9.999595859821996946e-01 8.278418613358765749e-03 8.644326843876243283e-02 -5.120830775777757832e-03 -8.260407265198181984e-03 9.999527702324572109e-01 9.076574453145632715e-01
9.999909996753821861e-01 -3.428587552644338579e-03 2.499070699610170948e-03 1.048295616459398332e+02 3.408047285475986586e-03 9.999607549340290280e-01 8.177645004204675550e-03 1.021187771316087733e-01 -2.527010822676244075e-03 -8.169055497132728799e-03 9.999634396704216721e-01 9.186974023489034025e-01
9.999931892693776359e-01 -3.452714179014425636e-03 1.303909216333505160e-03 1.062438820450070551e+02 3.442740375685776014e-03 9.999653786781738107e-01 7.575556173122471003e-03 1.101912173944014639e-01 -1.330020536396571158e-03 -7.571016526162092052e-03 9.999704549070114190e-01 9.276357805164384684e-01
9.999912422099905829e-01 -3.320373391898301298e-03 2.547670027234726770e-03 1.075360729073774166e+02 3.306236901689326227e-03 9.999792264333214886e-01 5.533132040906765456e-03 1.257753105863039789e-01 -2.565989600823756489e-03 -5.524661089283435834e-03 9.999814467117340566e-01 9.440153521984737672e-01
9.999852504134257858e-01 -2.663670856123047381e-03 4.733266226770395727e-03 1.089522332579051636e+02 2.649168613445762425e-03 9.999917859892910599e-01 3.067554186064893641e-03 1.407084483382999296e-01 -4.741399086449602125e-03 -3.054970111431024298e-03 9.999840930071022260e-01 9.599314685148108151e-01
9.999839255216843581e-01 -1.772223672347985734e-03 5.385899781113784313e-03 1.102374397267853823e+02 1.763886612544462735e-03 9.999972395162478600e-01 1.552314032114106464e-03 1.604287476421634162e-01 -5.388636846172259465e-03 -1.542789160221687619e-03 9.999842910689350495e-01 9.764536606557991938e-01
9.999912496040275212e-01 -1.066526488505025860e-03 4.045149411025123279e-03 1.115165399246338609e+02 1.064160255822808442e-03 9.999992614544546132e-01 5.870768050002915387e-04 1.778855424557814757e-01 -4.045773219717959876e-03 -5.827670550369081761e-04 9.999916460145064079e-01 9.902892651407576574e-01
9.999987867328917757e-01 -3.514472964759777314e-04 1.517569473141699293e-03 1.129195411414122105e+02 3.474877385617875219e-04 9.999965371501259304e-01 2.608632770306034722e-03 1.958650422529309432e-01 -1.518481263502066865e-03 -2.608102602292046695e-03 9.999954459851322364e-01 1.005684145162863974e+00
9.999995563594834547e-01 6.941831045462490630e-04 -6.367028542865239577e-04 1.141934378259899603e+02 -6.913286992299781230e-04 9.999897595369503511e-01 4.472463263931578288e-03 2.018634340252706272e-01 6.398011503291540277e-04 -4.472021681199180032e-03 9.999897957653939295e-01 1.015982611200767938e+00
9.999973477735023542e-01 2.168919005469365467e-03 -7.747488797461209121e-04 1.155977458642424267e+02 -2.162939891607693066e-03 9.999684999732961765e-01 7.636806969202691517e-03 2.078065092774621370e-01 7.912882307565326061e-04 -7.635111956589888879e-03 9.999705389961870416e-01 1.028973637136133323e+00
9.999929590289593495e-01 3.507629254874135641e-03 1.333577278320540729e-03 1.168778829535141028e+02 -3.519525188848798922e-03 9.999530795518756232e-01 9.025060491060440254e-03 2.096691468489961241e-01 -1.301858333875856571e-03 -9.029691660193309155e-03 9.999583840114837363e-01 1.039877152216171607e+00
9.999821186304082010e-01 4.581868263135354877e-03 3.843032518113880490e-03 1.182878248012990383e+02 -4.616551483960102883e-03 9.999482540688745535e-01 9.065137475435651807e-03 2.071474470861910389e-01 -3.801298986015270998e-03 -9.082718097955034750e-03 9.999515259657608679e-01 1.049961471894385934e+00
9.999756078543078353e-01 5.333858193320295017e-03 4.509284669276344103e-03 1.195694246147259747e+02 -5.370334799234252610e-03 9.999526427045163368e-01 8.116152160284882330e-03 2.022479908329644638e-01 -4.465781416349944369e-03 -8.140171599713511355e-03 9.999568962380983583e-01 1.055394595671748537e+00
9.999728754523853347e-01 6.312952207486500350e-03 3.794072938285051547e-03 1.208588194943092446e+02 -6.345289117715419494e-03 9.999431255751884962e-01 8.572222493188123155e-03 2.024610598301254116e-01 -3.739741698019645975e-03 -8.596065564992701885e-03 9.999560599925130244e-01 1.066024921885491139e+00
9.999655178639916819e-01 7.610238047728448869e-03 3.323756190269715541e-03 1.222991193627892414e+02 -7.644598245578944178e-03 9.999161720676050802e-01 1.045031328029708169e-02 2.146703386263608127e-01 -3.243948684110693845e-03 -1.047536305211572809e-02 9.999398699312775918e-01 1.093030818544591387e+00
9.999576914696917118e-01 8.694453926372266647e-03 3.003620565651726228e-03 1.236022595159620323e+02 -8.731148993788523036e-03 9.998846523845975609e-01 1.242775401345346149e-02 2.210845078521106455e-01 -2.895221997480957547e-03 -1.245345486544114505e-02 9.999182611842265533e-01 1.112476648961548742e+00
9.999493075780011564e-01 9.884712358019307268e-03 1.916958740004306386e-03 1.250371883257449923e+02 -9.909262095205139190e-03 9.998631092564730372e-01 1.325025984177644924e-02 2.250368351756593666e-01 -1.785721559538991842e-03 -1.326858549819791809e-02 9.999103738482192361e-01 1.134651661624120678e+00
9.999392580915713591e-01 1.093264488514681700e-02 1.399070200486911015e-03 1.263374371935657337e+02 -1.095155338477716775e-02 9.998376612105567274e-01 1.430785882782269550e-02 2.247227941940299067e-01 -1.242420484556858769e-03 -1.432231356557424513e-02 9.998966584654457312e-01 1.151005608727078133e+00
9.999294926000100725e-01 1.182306094584976291e-02 1.106820761997192671e-03 1.276426270445039108e+02 -1.183692943209582564e-02 9.998388452466040466e-01 1.349706464373692794e-02 2.289641044670032155e-01 -9.470658693914625484e-04 -1.350921608833759863e-02 9.999082978137725508e-01 1.181021819291365293e+00
9.999183904016866187e-01 1.262514893614018543e-02 1.954006998579303767e-03 1.290729695054105832e+02 -1.264938848241975444e-02 9.998363395379504803e-01 1.293395623665555792e-02 2.273722206167431703e-01 -1.790394308941021910e-03 -1.295761935287200947e-02 9.999144435814777410e-01 1.206147529080530578e+00
9.999038966831809150e-01 1.342862449792482996e-02 3.445204259277574125e-03 1.303771286708022785e+02 -1.346908138362581074e-02 9.998372616357849019e-01 1.200142489390335944e-02 2.274664463110870893e-01 -3.283481430745588056e-03 -1.204667679454699165e-02 9.999220450761402423e-01 1.231863451562905665e+00
9.998990976765496086e-01 1.376264561559233622e-02 3.519096668900613921e-03 1.318046690305001505e+02 -1.380029408170158414e-02 9.998452760571685527e-01 1.090760882638651397e-02 2.202812253056157799e-01 -3.368435104554512536e-03 -1.095507419332607084e-02 9.999343177946218297e-01 1.250505355416009934e+00
9.998979458397753151e-01 1.375456659422617973e-02 3.861320099271555936e-03 1.331051204990763495e+02 -1.378852052107696138e-02 9.998652458530149501e-01 8.908811553824908663e-03 2.132913662986963277e-01 -3.738263467865404754e-03 -8.961145409834038456e-03 9.999528604805884013e-01 1.269241835609882241e+00
9.998998051535354925e-01 1.346151055802423217e-02 4.378056277428194962e-03 1.344030759307458993e+02 -1.349322027119769993e-02 9.998823457817669347e-01 7.295729840837434331e-03 2.098150914738720618e-01 -4.279330265197753974e-03 -7.354073864199796827e-03 9.999638017785869026e-01 1.294829222932619928e+00
9.999088806040781208e-01 1.290274003676798904e-02 3.968599132400317010e-03 1.358302105623245666e+02 -1.292526474629971181e-02 9.999001998266996427e-01 5.703330370972536922e-03 2.076696319555438874e-01 -3.894615045568475785e-03 -5.754106616883662359e-03 9.999758607990005821e-01 1.322765446145441892e+00
9.999241256578581538e-01 1.170601194845963776e-02 3.835649010892981398e-03 1.371266049978331125e+02 -1.172194563226881467e-02 9.999226497484346998e-01 4.158191399652161509e-03 2.029871434504628147e-01 -3.786677041925574569e-03 -4.202837705823399793e-03 9.999839984696963224e-01 1.341198489064014066e+00
9.999322569569352170e-01 1.057907789152629473e-02 4.854338187899649541e-03 1.385544343173164918e+02 -1.059281022041091112e-02 9.999399410947694689e-01 2.811868943100882465e-03 1.997488557757221006e-01 -4.824300393177429966e-03 -2.863099907335545265e-03 9.999842642569133355e-01 1.362381266876404817e+00
9.999405956263466289e-01 9.615046578163319660e-03 5.133818198024970615e-03 1.398508433949635901e+02 -9.621819127063554328e-03 9.999528692878051350e-01 1.296077431535692676e-03 1.963513138698694260e-01 -5.121115177895660744e-03 -1.345397280440813496e-03 9.999859819402433514e-01 1.379845984977221995e+00
9.999534243739405248e-01 8.252879777777720124e-03 5.003903567374657323e-03 1.412770674785951428e+02 -8.255614116824450816e-03 9.999657835093292979e-01 5.259796759428184143e-04 1.964143168114388938e-01 -4.999392276581171232e-03 -5.672655469936775229e-04 9.999873420626205212e-01 1.405275836332757322e+00
9.999647438399034138e-01 7.057960460062535218e-03 4.549314834711585924e-03 1.425723582986289273e+02 -7.059274325512086834e-03 9.999750458143655818e-01 2.727632543270559198e-04 1.963485566615434941e-01 -4.547276862656592263e-03 -3.048685376203233367e-04 9.999896146105451411e-01 1.422679877497940337e+00
9.999732125946244610e-01 6.063118835097593660e-03 4.100326628186452133e-03 1.438675103852139898e+02 -6.062964271556611946e-03 9.999816188053691768e-01 -5.017089322792827048e-05 1.975270781180166746e-01 -4.100556088318730794e-03 2.530941914480452150e-05 9.999915923658742045e-01 1.438672383461089277e+00
9.999848048745393347e-01 5.048913407518058720e-03 2.213253519089596923e-03 1.452907486414909499e+02 -5.044787474491434220e-03 9.999855341498776751e-01 -1.865902699610318474e-03 1.986586248813519417e-01 -2.222642620308469888e-03 1.854709191072914827e-03 9.999958099578863946e-01 1.458054940577359515e+00
9.999916861643288746e-01 4.011500203069904950e-03 7.317562543139552759e-04 1.465834855851390444e+02 -4.006152431897817660e-03 9.999662777323058416e-01 -7.168965365239342476e-03 1.977297602237991225e-01 -7.604899881412862869e-04 7.165975153920029275e-03 9.999740349292476349e-01 1.479566230570062979e+00
9.999894624080777339e-01 2.861341877128753194e-03 3.589957191186243009e-03 1.480102814027946749e+02 -2.809427078828146893e-03 9.998926010800540665e-01 -1.438378450475552399e-02 1.968785516365367250e-01 -3.630729136073582164e-03 1.437354905131582941e-02 9.998901034936866772e-01 1.509239440597766269e+00
9.999888382144418442e-01 1.524326699265711633e-03 4.472121524187934287e-03 1.493055213830831178e+02 -1.426835283068865869e-03 9.997630181202349364e-01 -2.172260263345709291e-02 1.922534227578813759e-01 -4.504174782376088072e-03 2.171598196933562097e-02 9.997540341580914980e-01 1.526515855113310671e+00
9.999975112646484199e-01 3.254155801157586131e-04 2.207162940878119265e-03 1.505976031145378897e+02 -2.700394382645561779e-04 9.996863297487323941e-01 -2.504333971902609340e-02 1.942020219411116910e-01 -2.214620472756540122e-03 2.504268457707930010e-02 9.996839299169637538e-01 1.545601509861050493e+00
9.999978982291009011e-01 5.268943693711565729e-04 -1.981393223458799771e-03 1.520168456886080719e+02 -5.763751572561951093e-04 9.996858922647713364e-01 -2.505562352811097418e-02 2.013284287057801047e-01 1.967569506981228442e-03 2.505671609966175079e-02 9.996840950906533685e-01 1.563778073089438170e+00
9.999922171598174536e-01 1.323723227089157115e-03 -3.716634812366887645e-03 1.533089230415617976e+02 -1.403584158743701165e-03 9.997664054052270988e-01 -2.156766797739502819e-02 2.148484496053003068e-01 3.687217608911759568e-03 2.157271949031635064e-02 9.997604825532047101e-01 1.589802274723117748e+00
9.999912647542806843e-01 2.115137710528486314e-03 -3.605080474902563979e-03 1.547312384780190655e+02 -2.191790763272185357e-03 9.997687441614203641e-01 -2.139284883757291283e-02 2.187188286354262434e-01 3.558998546140529785e-03 2.140056628676213421e-02 9.997646470865444446e-01 1.612431019547469369e+00
9.999960253708518598e-01 2.754536932666716998e-03 -6.014716645399523784e-04 1.560265059284679410e+02 -2.768176736992298149e-03 9.997082442363658394e-01 -2.399506809658815201e-02 2.147764894174009620e-01 5.352009797947742840e-04 2.399664077636090923e-02 9.997118960492665796e-01 1.633449594825428619e+00
9.999910476543847349e-01 3.331050866391021756e-03 2.609350351650395732e-03 1.573232545786498235e+02 -3.253189899326771120e-03 9.995654939365773428e-01 -2.929572815250329476e-02 2.041035630728813000e-01 -2.705802559430095771e-03 2.928698092352006316e-02 9.995673823118020884e-01 1.649888278210754899e+00
9.999887139608123476e-01 3.377748155049838715e-03 3.341072538019679208e-03 1.587465846270084171e+02 -3.263390447847955463e-03 9.994279931273833961e-01 -3.366060544684495309e-02 1.895348668823301219e-01 -3.452859016901621992e-03 3.364932663480534741e-02 9.994277367881279073e-01 1.665072504652226115e+00
9.999876881092191194e-01 3.317617687172411990e-03 3.690127338378437760e-03 1.600414859908606502e+02 -3.184589436190874909e-03 9.993649751011446369e-01 -3.548949731720735939e-02 1.783941640644295945e-01 -3.805525204890497070e-03 3.547731337490649811e-02 9.993632366302480641e-01 1.678016771108441274e+00
9.999830041615613840e-01 4.180868334572280381e-03 4.063462086549467570e-03 1.614667716814970788e+02 -4.041231755600041900e-03 9.994209501668173123e-01 -3.378509041616585551e-02 1.697980895220427833e-01 -4.202360819659450158e-03 3.376809914055516754e-02 9.994208603621199671e-01 1.695602141040831956e+00
9.999788184862001827e-01 5.311320290697672981e-03 3.761974452622226985e-03 1.627634205671588745e+02 -5.196144854579535372e-03 9.995366675391574862e-01 -2.999083048529115059e-02 1.668573252164612941e-01 -3.919522927752063478e-03 2.997065130627110663e-02 9.995430945258919619e-01 1.709940861481826113e+00
9.999797812986028767e-01 6.222273619442875853e-03 1.311603086915938366e-03 1.641888445876768401e+02 -6.185512372456293886e-03 9.996328156848272029e-01 -2.638129820088105926e-02 1.573431278971797465e-01 -1.475273353549646626e-03 2.637265524397015837e-02 9.996510926189255963e-01 1.727794241801141384e+00
9.999759466770503646e-01 6.916326941326462509e-03 5.200831418738137641e-04 1.654889820167498158e+02 -6.902097305010001897e-03 9.996965895911616995e-01 -2.364507368599422579e-02 1.475708750041526129e-01 -6.834624817862214015e-04 2.364091830511767106e-02 9.997202809617330432e-01 1.741565424329353240e+00
9.999714157061478925e-01 7.323304661130359758e-03 1.880685039276803160e-03 1.667934482585275759e+02 -7.280764238115663804e-03 9.997378101303597830e-01 -2.170947248292494011e-02 1.368448735632211699e-01 -2.039177320639190202e-03 2.169516188583522215e-02 9.997625528005351647e-01 1.757331851151300306e+00
9.999737005187463446e-01 7.062530847760853728e-03 1.648916580762980078e-03 1.682290041021441027e+02 -7.028191595166717598e-03 9.997757361818627730e-01 -1.997702727533023567e-02 1.231155391517917419e-01 -1.789635417279070379e-03 1.996491554396652435e-02 9.997990796162653515e-01 1.775686233230162170e+00
9.999782844982166852e-01 6.558631221376794163e-03 -6.441165901030966199e-04 1.695348962853186379e+02 -6.569247094516035904e-03 9.998135490854307417e-01 -1.815796900114204429e-02 1.137600905645052007e-01 5.249051883854302918e-04 1.816180837757705793e-02 9.998349230812474397e-01 1.789914608690241771e+00
9.999754010818133754e-01 5.998544363971285154e-03 -3.635201877864016520e-03 1.709733086919673326e+02 -6.050318200590788613e-03 9.998779702138947956e-01 -1.440271375658724352e-02 1.064212746728971370e-01 3.548363563743570179e-03 1.442435543970209573e-02 9.998896675420319013e-01 1.808474501916307098e+00
9.999713738206358338e-01 5.795492163655967428e-03 -4.864545629722161202e-03 1.722805327715953752e+02 -5.842492662365534294e-03 9.999358482003223303e-01 -9.703847546225531639e-03 7.754423481968941712e-02 4.807995798288285105e-03 9.731992079813461469e-03 9.999410840736677741e-01 1.817008434370362746e+00
9.999732387716396831e-01 6.060759824896657690e-03 -4.097429218261635850e-03 1.735944405542749109e+02 -6.082186108936089158e-03 9.999677895354472934e-01 -5.237065055376211378e-03 5.263342179554453271e-02 4.065557335700034636e-03 5.261846905618696932e-03 9.999778918899804303e-01 1.835571055176449473e+00
9.999772122502786909e-01 6.591702184178488931e-03 -1.457545831821923819e-03 1.750489712852651678e+02 -6.594278497569923056e-03 9.999766915077730189e-01 -1.769722189972408296e-03 3.939323659040627756e-02 1.445846644677776204e-03 1.779293553076081828e-03 9.999973718266421674e-01 1.853999287272282803e+00
9.999772652401817119e-01 6.727186935337014888e-03 4.625541273344527726e-04 1.763732823373192105e+02 -6.726560077432355150e-03 9.999764730342517449e-01 -1.344156361627854394e-03 1.860692445195527567e-02 -4.715856794594480207e-04 1.341014576410792759e-03 9.999989896496973563e-01 1.867586750499332204e+00
9.999810271114395466e-01 5.886373068433125785e-03 1.815496301969964435e-03 1.778282421079652806e+02 -5.878395395900019166e-03 9.999731787032878350e-01 -4.368786768445239235e-03 -4.006668946859748281e-03 -1.841164187412073008e-03 4.358032232987301725e-03 9.999888087952301108e-01 1.864233161507621972e+00
9.999893295715799324e-01 4.297433469155368876e-03 1.694935668757782069e-03 1.791509364139325839e+02 -4.285717447964050922e-03 9.999673096262011729e-01 -6.856546665552572077e-03 -2.569763361030480420e-02 -1.724346073455208144e-03 6.849210364793948194e-03 9.999750572001055993e-01 1.864090249367812646e+00
9.999941382497233855e-01 2.155262895978133503e-03 -2.660508708077561225e-03 1.806074400106953703e+02 -2.174461742285675129e-03 9.999714662625305284e-01 -7.234521341476238612e-03 -3.726756284776333583e-02 2.644840938910181672e-03 7.240265035506965492e-03 9.999702912876641259e-01 1.872420134389589208e+00
9.999754086817684851e-01 7.280422939086558017e-04 -6.975097025135500867e-03 1.819324443113477798e+02 -7.712871838039670044e-04 9.999804872578788029e-01 -6.199205871421267777e-03 -4.462398575413190072e-02 6.970448774969103395e-03 6.204434021321084645e-03 9.999564580101119038e-01 1.882513066028223436e+00
9.999685232666213341e-01 1.437844869263362651e-04 -7.932956083102685879e-03 1.832649848803144152e+02 -1.563974255198551512e-04 9.999987247625966580e-01 -1.589338540904429138e-03 -4.223162541217656551e-02 7.932718735374927679e-03 1.590529410585966082e-03 9.999672705721250887e-01 1.898571659480227769e+00
9.999793786077609825e-01 9.002173560134505217e-06 -6.422014627963795741e-03 1.847361969443071530e+02 8.001173714179190546e-06 9.999964949768204159e-01 2.647639581273694784e-03 -4.015415472126687702e-02 6.422016997790760615e-03 -2.647636706260416122e-03 9.999758735582428004e-01 1.917244042936305348e+00
9.999940294818777664e-01 2.422830931632190938e-04 -3.447070892891090053e-03 1.860776432059691103e+02 -2.274407482102725245e-04 9.999907053092944587e-01 4.305532020380340580e-03 -4.690128543724736421e-02 3.448082573239571146e-03 -4.304722860924116261e-03 9.999847899089095993e-01 1.931615486852180652e+00
9.999990810423142751e-01 6.390103138988963193e-04 -1.195650488735519211e-03 1.875556090623250043e+02 -6.329264299895752139e-04 9.999868870526309461e-01 5.081847497001941785e-03 -5.509974015728047458e-02 1.198882361617605724e-03 -5.081086718584482999e-03 9.999863725031643558e-01 1.951258263342165566e+00
9.999996612412257457e-01 7.113901309803163323e-04 -4.140548392885649333e-04 1.889020039412584424e+02 -7.095339698727279581e-04 9.999897758256026670e-01 4.465965465419585376e-03 -5.757773364975654617e-02 4.172277213073797056e-04 -4.465670738123305242e-03 9.999899417815468761e-01 1.971099219861506935e+00
9.999997261819008054e-01 6.539216954407711755e-04 3.464425067167252481e-04 1.902514977311064399e+02 -6.549835653980988232e-04 9.999950613426824564e-01 3.073811325829314562e-03 -6.210056732544783076e-02 -3.444308164432047714e-04 -3.074037791717443291e-03 9.999952158035079197e-01 1.989381891744312236e+00
9.999994655283827028e-01 6.617889652953218250e-04 7.943412843923575942e-04 1.917388309018634232e+02 -6.620585546702567560e-04 9.999997233301005650e-01 3.391483832636040126e-04 -6.945694574707556024e-02 -7.941167458289840600e-04 -3.396741458499021840e-04 9.999996269983675301e-01 2.010182870376606701e+00
9.999991537647863193e-01 1.043382090912451212e-03 7.770606329501458451e-04 1.930937831596062040e+02 -1.041660755739342876e-03 9.999970102122052173e-01 -2.212348789302404951e-03 -7.435030612188986421e-02 -7.793667565455539379e-04 2.211537766701945386e-03 9.999972508516300485e-01 2.030798419858087289e+00
9.999973614151385082e-01 1.414173411083819668e-03 1.810324686775191278e-03 1.945892793883196816e+02 -1.404369338520680167e-03 9.999844038567627935e-01 -5.405528004595466091e-03 -8.047517276690394072e-02 -1.817941095715718122e-03 5.402972068840282242e-03 9.999837513884093365e-01 2.056114899789312389e+00
9.999920115544862487e-01 1.836635613165471395e-03 3.550154123849505114e-03 1.959535589386717618e+02 -1.803449411110185545e-03 9.999548619057366805e-01 -9.328537838094425050e-03 -8.662357325475728009e-02 -3.567127573267082474e-03 9.322061987585190251e-03 9.999501861926993751e-01 2.076816092598721575e+00
9.999920999049973780e-01 2.108972682356783680e-03 3.369326258506615164e-03 1.974556793907690917e+02 -2.066029061259340958e-03 9.999172361025701061e-01 -1.269851656849332183e-02 -8.868540977471675579e-02 -3.395828767315133782e-03 1.269145674766275142e-02 9.999136939860673312e-01 2.109236415453827895e+00
9.999970956152087753e-01 2.307987326261787611e-03 -6.942298925563553059e-04 1.988203702249062133e+02 -2.315392249603918581e-03 9.999383303472639817e-01 -1.086159928176610480e-02 -8.691375343297963463e-02 6.691187658069666817e-04 1.086317654043627776e-02 9.999407701449783969e-01 2.132655055188486415e+00
9.999769506114477569e-01 2.722423708032278063e-03 -6.219859189136574783e-03 2.001858802575907532e+02 -2.751419074994532459e-03 9.999853665680882298e-01 -4.657928131933093338e-03 -7.466134112244865451e-02 6.207088340167002567e-03 4.674934806744395627e-03 9.999698080911342268e-01 2.172242935829944877e+00
9.999704833539265758e-01 3.956495867929912813e-03 -6.586239704842382185e-03 2.016980001928034767e+02 -3.922403565196910628e-03 9.999788847006019221e-01 5.181211443966074644e-03 -5.843401415914856178e-02 6.606601170324736226e-03 -5.155225282031540741e-03 9.999648875997423358e-01 2.208385366794593629e+00
9.999831853039605756e-01 5.260978026620479614e-03 -2.439511637930077796e-03 2.030791997284227648e+02 -5.228292029457836179e-03 9.998989848684028958e-01 1.321685028829979076e-02 -4.434790104744679162e-02 2.508799203967453529e-03 -1.320387526162222769e-02 9.999096776695363120e-01 2.240050093155444344e+00
9.999821458195642387e-01 5.975610556375435430e-03 1.089244212034826310e-05 2.045999713169949530e+02 -5.975131070137580484e-03 9.998752158608757989e-01 1.462363275972727861e-02 -4.379008394152755779e-02 7.649409422824387671e-05 -1.462343862190460843e-02 9.998930688199757499e-01 2.257145309537333500e+00
9.999850113514043848e-01 5.474905122180784116e-03 -4.984735720531595718e-05 2.059827785078147144e+02 -5.473835505927891407e-03 9.999048772766770954e-01 1.265992217882665714e-02 -5.035623272318068278e-02 1.191545355688859026e-04 -1.265946118751672643e-02 9.999198586586368620e-01 2.270997668475809306e+00
9.999904365362224379e-01 4.373348419356620602e-03 -2.566177443541103651e-05 2.073707054230816311e+02 -4.372896299411670185e-03 9.999437329801383889e-01 9.664819529296455464e-03 -5.787832005204174290e-02 6.792798697927733412e-05 -9.664616120662676904e-03 9.999532941579657441e-01 2.285670207033361656e+00
9.999948223730634744e-01 3.214685650960496556e-03 -1.449913772304948015e-04 2.089011440407474538e+02 -3.213576675830628546e-03 9.999696876826156267e-01 7.092017014938944118e-03 -6.309591382048351793e-02 1.677856311399530649e-04 -7.091515261740843033e-03 9.999748407812802942e-01 2.299169514992747576e+00
9.999957900812198597e-01 2.718490394059825191e-03 -1.014706415257814447e-03 2.103002276646854227e+02 -2.710889462299457143e-03 9.999688076719336349e-01 7.418546246829721413e-03 -6.529893484727727904e-02 1.034842193067177056e-03 -7.415765207528685586e-03 9.999719673379879881e-01 2.312150310418208843e+00
9.999962860180576785e-01 2.594392077201614945e-03 -8.349127032399658718e-04 2.118442963892883313e+02 -2.586828259531414806e-03 9.999567223034435681e-01 8.936549582115217369e-03 -6.302346775087847019e-02 8.580616364521046922e-04 -8.934357759619935072e-03 9.999597196405195509e-01 2.338696946396751741e+00
9.999969688873375784e-01 2.459572906607858812e-03 1.127685770528678394e-04 2.132506130499029950e+02 -2.460590148959445819e-03 9.999455475331121557e-01 1.014137823410029421e-02 -6.060713476877171990e-02 -8.781897890496050097e-05 -1.014162626962077443e-02 9.999485684860361934e-01 2.361524757104064953e+00
9.999974793856021282e-01 2.245026848022490563e-03 3.280940334796051083e-05 2.146581346636680223e+02 -2.245238099710672973e-03 9.999516901459121199e-01 9.569553991639924428e-03 -5.927118217279941925e-02 -1.132390287237497085e-05 -9.569604760137953234e-03 9.999542101784222314e-01 2.387383896148572049e+00
9.999972603421446449e-01 1.847509088646955445e-03 -1.437364868445073669e-03 2.162134924965214395e+02 -1.834321787553801772e-03 9.999567064179177844e-01 9.122534370479074353e-03 -6.264372494069708752e-02 1.454156851050062956e-03 -9.119873955438175320e-03 9.999573557145158276e-01 2.410466273320358788e+00
9.999974073166256749e-01 1.672821723923790388e-03 -1.545000613632838051e-03 2.176306400005319404e+02 -1.659830581528463998e-03 9.999635775511059865e-01 8.371893918208890908e-03 -6.713288028689384790e-02 1.558949289198618840e-03 -8.369308844497597502e-03 9.999637614799078422e-01 2.427176493755085929e+00
9.999985487616387392e-01 1.196389165286288955e-03 -1.212900331131973233e-03 2.191941247937294861e+02 -1.185755835147420762e-03 9.999611895061030209e-01 8.730036737611104186e-03 -6.553151559698533468e-02 1.223297984575155706e-03 -8.728586981807806913e-03 9.999611568630598635e-01 2.449477277916229490e+00
9.999980976202518246e-01 8.702368128839741432e-04 -1.745692766721754089e-03 2.206159172216358115e+02 -8.549127834085705350e-04 9.999612664735120227e-01 8.759837543557339248e-03 -6.226512932088157370e-02 1.753248572887831794e-03 -8.758329585016806293e-03 9.999601080572595446e-01 2.470989106631545251e+00
9.999977474159075230e-01 6.563868725592735464e-04 -2.018494176746132938e-03 2.221833690847483638e+02 -6.384771624880844357e-04 9.999605394069527309e-01 8.860702769538403301e-03 -6.092607037215469479e-02 2.024230907655521182e-03 -8.859395181646054912e-03 9.999587059119945387e-01 2.495847512385965583e+00
9.999980131387823379e-01 3.184482786982213861e-04 -1.967818240075210230e-03 2.236103291239015789e+02 -2.989448620796418196e-04 9.999509139485153186e-01 9.903555470636458274e-03 -5.962828554016830207e-02 1.970875740450954428e-03 -9.902948792085936730e-03 9.999490222852018828e-01 2.514063966957670981e+00
9.999971717065089249e-01 -6.614614665638752095e-06 -2.378347000908004414e-03 2.250403014555049310e+02 2.928612636376781491e-05 9.999545637219262595e-01 9.532560867278074695e-03 -6.099366113334125927e-02 2.378176270666171842e-03 -9.532604779199175746e-03 9.999517356562012127e-01 2.532390908074023450e+00
9.999974056683319512e-01 -2.853639650151633855e-04 -2.259916670592159761e-03 2.266151948591873975e+02 3.080075106724200484e-04 9.999496946641984740e-01 1.002563507398970995e-02 -6.245736412979221996e-02 2.256942395891398286e-03 -1.002630641889407093e-02 9.999471882579521465e-01 2.550415841203296008e+00
9.999976766299982778e-01 -3.876158283241583498e-04 -2.120492400845947444e-03 2.280478373488466275e+02 4.069453600891078109e-04 9.999583039964061726e-01 9.122759651798484359e-03 -6.562786036078444019e-02 2.116868201566244646e-03 -9.123602548671177689e-03 9.999561383713513329e-01 2.571084766763282570e+00
9.999961808058496215e-01 -2.557515799741093992e-04 -2.751901854245286227e-03 2.296235896036669999e+02 2.772219156925600472e-04 9.999695064329160443e-01 7.804448840626298893e-03 -6.871102128932371489e-02 2.749822385149472935e-03 -7.805182920596129628e-03 9.999657581777831039e-01 2.589008494051375564e+00
9.999970795799515422e-01 -9.475083662346040945e-05 -2.414922992508159762e-03 2.310576091128022256e+02 1.109737324827816463e-04 9.999774243383930949e-01 6.718523577632594217e-03 -7.348249132468276379e-02 2.414232280800560418e-03 -6.718772809832932076e-03 9.999745144325092872e-01 2.602810900273387240e+00
9.999985774964542662e-01 1.039634177542276346e-04 -1.683507143939483915e-03 2.324958615490670297e+02 -9.531270259739605961e-05 9.999867970043159193e-01 5.137779676209049129e-03 -7.834653280743977821e-02 1.684019332405641564e-03 -5.137612565748073123e-03 9.999853843776523865e-01 2.618547822467564679e+00
9.999992319863411083e-01 8.864189836232897889e-05 -1.236191392051850168e-03 2.340802164527333957e+02 -8.248380587428005741e-05 9.999875929953436771e-01 4.980672435718104182e-03 -8.204552844411960866e-02 1.236617752707794499e-03 -4.980567282258366833e-03 9.999868322533823628e-01 2.638830422566523559e+00
9.999990602783078719e-01 1.731997307847400529e-06 -1.370926431136678834e-03 2.355224584326702200e+02 5.583050618175983986e-06 9.999857643922253070e-01 5.335825228767213275e-03 -8.248785322222648708e-02 1.370916380057271263e-03 -5.335828551544922506e-03 9.999848246213659531e-01 2.660855610036483743e+00
9.999966029352448382e-01 2.546204648268440059e-04 -2.594086624536902450e-03 2.371097736489637100e+02 -2.388217832290709646e-04 9.999814348050054535e-01 6.088765474398482626e-03 -8.341728108541546227e-02 2.595589212805138671e-03 -6.088126045453040765e-03 9.999780985518350596e-01 2.685862357900901998e+00
9.999980527500601513e-01 7.491746513257215674e-04 -1.825714347649428542e-03 2.385575590986344139e+02 -7.357982835817936454e-04 9.999729644230064274e-01 7.316357672166637349e-03 -8.306409281474896877e-02 1.831146520010588268e-03 -7.315001004243342451e-03 9.999715683946438505e-01 2.708571429397541586e+00
9.999989183629843792e-01 1.343633257622610638e-03 5.982660149199512008e-04 2.400092510841178637e+02 -1.348166119126197873e-03 9.999698924685723744e-01 7.641771578362792014e-03 -8.425777953963231592e-02 -5.879803526847509699e-04 -7.642570852804470710e-03 9.999706222293843760e-01 2.730890776668384312e+00
9.999977518765116313e-01 1.882097362606373423e-03 9.767041013391127794e-04 2.416080138092099787e+02 -1.889243797436230415e-03 9.999710696232633200e-01 7.368225069348244109e-03 -8.809183922844748826e-02 -9.628082747722716689e-04 -7.370054680006412305e-03 9.999723772327346882e-01 2.752122655945928198e+00
9.999970809745510891e-01 2.352429210138918484e-03 -5.514695772615477685e-04 2.430615448057752985e+02 -2.348158708896980109e-03 9.999682042700538398e-01 7.620804946241893120e-03 -9.094788975241469009e-02 5.693795517112006620e-04 -7.619488737993796931e-03 9.999708091391292797e-01 2.772933735977775260e+00
9.999938112907672538e-01 2.943668409517812869e-03 -1.926705809307055527e-03 2.446635869058073069e+02 -2.928887725276165324e-03 9.999666024570007528e-01 7.629918477196871718e-03 -9.628497525557316861e-02 1.949101744000973852e-03 -7.624229128690606511e-03 9.999690355531495323e-01 2.794208900854144417e+00
9.999936754660400107e-01 3.231067337000005819e-03 -1.486348118841322600e-03 2.461237014899925271e+02 -3.218123718964793333e-03 9.999575833802923919e-01 8.629901306238481340e-03 -1.014031397004195312e-01 1.514169127905528505e-03 -8.625064577889113293e-03 9.999616570035837482e-01 2.810823315139738821e+00
9.999943881698557524e-01 3.300353953176434710e-03 -5.755795175524005668e-04 2.475871092175512160e+02 -3.295566990986234686e-03 9.999615324034244468e-01 8.128531498728698568e-03 -1.090498598489064996e-01 6.023845222084502809e-04 -8.126590061961440695e-03 9.999667972462531473e-01 2.827876964604646659e+00
9.999955822025964336e-01 2.965767490414023422e-03 1.994939105023880803e-04 2.491980864654529739e+02 -2.967305563303911705e-03 9.999618935024571220e-01 8.210159189934770896e-03 -1.162642019061989052e-01 -1.751368985993232319e-04 -8.210715929271500402e-03 9.999662761305549985e-01 2.845442028096269116e+00
9.999961228455572781e-01 2.735465974056434327e-03 5.210749638406761679e-04 2.506639286557325477e+02 -2.739790902984627803e-03 9.999602205990339998e-01 8.488276661021280575e-03 -1.215722637118001048e-01 -4.978349107284109299e-04 -8.489672473569324571e-03 9.999638381196581660e-01 2.863822130957873302e+00
9.999959633730548525e-01 2.771549675360710386e-03 6.258988091469621642e-04 2.522797287353440367e+02 -2.777685284550966780e-03 9.999458966308655272e-01 1.002438838319996174e-02 -1.276505758681773794e-01 -5.980819384931588189e-04 -1.002608775149593963e-02 9.999495586159160565e-01 2.878981699493256219e+00
9.999953876047794621e-01 2.964422581252153591e-03 6.610349346578167596e-04 2.537510405886455374e+02 -2.971497414146981059e-03 9.999353962484313074e-01 1.097149153023589847e-02 -1.333297620459371335e-01 -6.284681789565377133e-04 -1.097340659331720071e-02 9.999395928167061909e-01 2.892900940379614205e+00
9.999957022711369881e-01 2.846764217221151548e-03 7.009793376641478479e-04 2.553714622804043017e+02 -2.854641344139575987e-03 9.999297404677179868e-01 1.150500971106358655e-02 -1.400690775972155688e-01 -6.681781311026214467e-04 -1.150696278288030824e-02 9.999335694178493883e-01 2.906560049592360251e+00
9.999953945043459358e-01 2.863312715929632653e-03 1.006185655433648914e-03 2.568477895217058062e+02 -2.873219987347514718e-03 9.999460030190703286e-01 9.986778246602953310e-03 -1.475000071791276179e-01 -9.775361994970254396e-04 -9.989624523684143692e-03 9.999496246006660538e-01 2.922556112563958752e+00
9.999944420240393095e-01 2.763544040054030128e-03 1.865139178064469236e-03 2.583249284329664306e+02 -2.779461907341847487e-03 9.999592731453310623e-01 8.586426396973875080e-03 -1.547031562675353633e-01 -1.841334534551579893e-03 -8.591563856550993306e-03 9.999613964762553708e-01 2.938836443875740390e+00
9.999918356336015002e-01 2.829971022599838369e-03 2.884428556106993866e-03 2.599508502394093057e+02 -2.846186187166210597e-03 9.999800836710390772e-01 5.633075335181215657e-03 -1.650824659336499467e-01 -2.868430121041050818e-03 -5.641239687173196966e-03 9.999799740360839628e-01 2.956053585272500506e+00
9.999944936655568162e-01 2.542484108224505549e-03 2.132700585950390599e-03 2.614278031247479248e+02 -2.551316883969952879e-03 9.999881377865663667e-01 4.149109263704662057e-03 -1.740585105333074534e-01 -2.122126575325886545e-03 -4.154528143866268071e-03 9.999891181591268330e-01 2.969893485242078857e+00
9.999970389052817987e-01 2.307603253658324031e-03 7.727530732068334371e-04 2.630525928750356002e+02 -2.309778278732897618e-03 9.999933404992007446e-01 2.825581168498209061e-03 -1.831785695876978759e-01 -7.662277197920374641e-04 -2.827358051694338782e-03 9.999957094481564113e-01 2.984770640821822418e+00
9.999927498922980273e-01 2.859466621331457382e-03 2.514679254673649056e-03 2.645337529554715275e+02 -2.861868115020096363e-03 9.999954518159791528e-01 9.518761300287652532e-04 -1.896226686705852760e-01 -2.511946353771906879e-03 -9.590660317150196713e-04 9.999963851483022470e-01 3.003843972502815873e+00
9.999817925211130776e-01 3.286197675879782946e-03 5.061178324032473107e-03 2.660175928748427623e+02 -3.286056213228376235e-03 9.999946002446535864e-01 -3.628356678650762493e-05 -1.928186547043145294e-01 -5.061271036818869133e-03 1.965159255025365111e-05 9.999871914949600704e-01 3.025922491878149767e+00
9.999861093207961238e-01 3.457255211226180000e-03 3.978510822189590922e-03 2.676465517891028298e+02 -3.449070359769428919e-03 9.999919253418270149e-01 -2.062315365099695163e-03 -2.004944847587994405e-01 -3.985609278916343347e-03 2.048564816909696253e-03 9.999899591118404096e-01 3.057380423033895678e+00
9.999899129483786897e-01 3.747874498907480430e-03 2.475365883039144614e-03 2.691264459591683362e+02 -3.740698516292481624e-03 9.999888063346797917e-01 -2.897300663404166893e-03 -2.067517282916362387e-01 -2.486197279926210136e-03 2.888012210612494590e-03 9.999927390933173177e-01 3.082074938092304262e+00
9.999872149366515472e-01 4.440797334259226001e-03 2.418528495110863416e-03 2.707568002131018261e+02 -4.436345072924736087e-03 9.999884606179361146e-01 -1.843218894227657183e-03 -2.105832833676785643e-01 -2.426686321189064875e-03 1.832466136433230641e-03 9.999953766298241842e-01 3.115236210973018061e+00
9.999811408814947011e-01 5.467037799457276533e-03 2.798102227877867412e-03 2.722393144821356827e+02 -5.465881005423216255e-03 9.999849733529750928e-01 -4.209638567696676915e-04 -2.141000541187860207e-01 -2.800362035552005167e-03 4.056618762496751185e-04 9.999959967001837979e-01 3.144731988598385541e+00
9.999767818694930144e-01 6.376210680232263089e-03 2.404091555380909791e-03 2.737221020901773727e+02 -6.379190361818656493e-03 9.999788917302364633e-01 1.233709228383236952e-03 -2.181328894613312752e-01 -2.396174777307693952e-03 -1.249016901080579871e-03 9.999963491394058268e-01 3.177016513760793082e+00
9.999700603279777500e-01 7.380685604099396918e-03 2.324634180934483443e-03 2.753543196838700169e+02 -7.386476065350605462e-03 9.999696141327512056e-01 2.492149503065707941e-03 -2.238797517193889253e-01 -2.306170111351627753e-03 -2.509246064341182254e-03 9.999941926034335848e-01 3.206265932473774782e+00
9.999649070658385153e-01 8.136372797819597935e-03 1.996013690648245232e-03 2.768398604592915717e+02 -8.142801339272594252e-03 9.999616177859722566e-01 3.233848344091089493e-03 -2.263776318483236849e-01 -1.969625563405942147e-03 -3.249988417264948817e-03 9.999927790341173184e-01 3.246834378471882943e+00
9.999582896896039852e-01 9.029405704712121020e-03 1.374303284139979670e-03 2.784730200063923462e+02 -9.034280104455024926e-03 9.999527719378910051e-01 3.582696527162991008e-03 -2.348927421230042334e-01 -1.341888931351714566e-03 -3.594963392163074648e-03 9.999926377422820867e-01 3.281786094073748217e+00
9.999504795281893843e-01 9.907557047231136532e-03 9.374433510422005601e-04 2.799606771179311409e+02 -9.910395489279666056e-03 9.999461692511394384e-01 3.072896836598150005e-03 -2.425927925965401522e-01 -9.069480853640484895e-04 -3.082035493526709847e-03 9.999948392233329875e-01 3.321265447938435589e+00
9.999419853324077456e-01 1.072012835886767233e-02 1.051100418200342319e-03 2.814498726630910710e+02 -1.072275395030886438e-02 9.999393226236525933e-01 2.524608497752982728e-03 -2.561863141300351199e-01 -1.023972626388235064e-03 -2.535733048469871864e-03 9.999962607499770506e-01 3.347956369729561565e+00
9.999309847451206545e-01 1.149648396253501181e-02 2.420040579863788101e-03 2.830908711307284875e+02 -1.150024457241275756e-02 9.999326754204411749e-01 1.545646208572873295e-03 -2.733562417925876620e-01 -2.402108488513664437e-03 -1.573370794519982725e-03 9.999958771739954067e-01 3.377686127472131705e+00
9.999257593059802662e-01 1.184108785290701772e-02 2.874805627794365347e-03 2.845814910323651930e+02 -1.184160956779349398e-02 9.999298721749411145e-01 1.643864693790557862e-04 -2.922411023762449545e-01 -2.872657917939737925e-03 -1.984166155796464803e-04 9.999958542248529314e-01 3.398375881394257725e+00
9.999289257706025502e-01 1.191690167537785144e-02 3.617394075172382438e-04 2.862192612992871545e+02 -1.191671023401198910e-02 9.999288541060084023e-01 -5.279625869893251862e-04 -3.115974517135816080e-01 -3.680053504187572413e-04 5.236143865109465579e-04 9.999997952026272729e-01 3.424954315836728824e+00
9.999304440819249962e-01 1.160216759448684347e-02 -2.120541999980494335e-03 2.877085607197633408e+02 -1.160516729257188122e-02 9.999316670300190113e-01 -1.407605952449749636e-03 -3.287366329168554535e-01 2.104066216419870662e-03 1.432117473638182172e-03 9.999967609747145714e-01 3.451387265771017621e+00
9.999388091681782331e-01 1.078675061932500047e-02 -2.454368355185893458e-03 2.892021409319140730e+02 -1.078928169912394749e-02 9.999412735655287543e-01 -1.020203719394919412e-03 -3.445690992898701732e-01 2.443219986469505854e-03 1.046622298277016458e-03 9.999964676283502607e-01 3.479050302747944023e+00
9.999480529527108308e-01 1.003611287238509800e-02 -1.779839670858775289e-03 2.908492086486460266e+02 -1.004090825976195964e-02 9.999459275944051484e-01 -2.705924174521361514e-03 -3.615015452263966034e-01 1.752586804766982859e-03 2.723655165650318722e-03 9.999947550714042288e-01 3.505850458780713552e+00
9.999561765847452266e-01 9.053705423806559724e-03 -2.382293691340263853e-03 2.923480181977591883e+02 -9.059935401016273870e-03 9.999555326219021767e-01 -2.617312840631179360e-03 -3.762209591022672162e-01 2.358491805785534103e-03 2.638781906060458197e-03 9.999937371674942899e-01 3.528832129149699792e+00
9.999607576013170851e-01 8.455745341064012724e-03 -2.642654625585063276e-03 2.940015702505823469e+02 -8.461943809058519381e-03 9.999614519036065241e-01 -2.343116169909849333e-03 -3.900670734419506291e-01 2.622740430939878974e-03 2.365386518371622240e-03 9.999937630827132606e-01 3.557890999677733923e+00
9.999674679272201328e-01 7.772277259381218072e-03 -2.157496150336944783e-03 2.955083248186275569e+02 -7.777255375198455049e-03 9.999670919954952719e-01 -2.308506959439714408e-03 -4.005407391443748799e-01 2.139483181613220739e-03 2.325211555311135821e-03 9.999950080011639209e-01 3.586201498235374263e+00
9.999739663869690043e-01 6.963430407016120080e-03 -1.891344017483980507e-03 2.970188386931731657e+02 -6.968590014588748813e-03 9.999719785141949480e-01 -2.735125973566984118e-03 -4.105758074231126153e-01 1.872245498666693471e-03 2.748235121352526032e-03 9.999944709492755157e-01 3.615837298800190780e+00
9.999821808832994874e-01 5.873240342802364677e-03 -1.069093865943392422e-03 2.986871944519498356e+02 -5.876844248490810385e-03 9.999769529193748285e-01 -3.399455622642490529e-03 -4.258502868339153480e-01 1.049103606049156404e-03 3.405678381577459390e-03 9.999936503656799980e-01 3.637523503401867586e+00
9.999859236524216710e-01 5.285169388239002730e-03 4.684868491919595354e-04 3.002115709031342021e+02 -5.284290709180866456e-03 9.999843123861869021e-01 -1.857750248925234401e-03 -4.360205508350861181e-01 -4.782980762588932367e-04 1.855248715594114226e-03 9.999981646493236731e-01 3.659260320120326426e+00
9.999817066829296275e-01 5.957071967094323441e-03 1.048613832615332472e-03 3.018891668028267645e+02 -5.955712559490292796e-03 9.999814261059758458e-01 -1.294959406185710324e-03 -4.456364616840884918e-01 -1.056308664567873114e-03 1.288690639778401802e-03 9.999986117498607108e-01 3.682921676197609795e+00
9.999760804869635145e-01 6.894589851711588856e-03 5.505290283025045597e-04 3.034189450867366986e+02 -6.894192890023445076e-03 9.999759754523354083e-01 -7.201512369109164865e-04 -4.554261760033160855e-01 -5.554810057860800872e-04 7.163386499761078326e-04 9.999995891534295689e-01 3.707400025584533410e+00
9.999734787706353600e-01 7.281771913437829966e-03 1.324781791419950760e-04 3.049519323951104752e+02 -7.281503060544687253e-03 9.999716279132339070e-01 -1.929524515300626774e-03 -4.695185329681381692e-01 -1.465247658059652268e-04 1.928508948864239786e-03 9.999981296998986524e-01 3.726662847632924436e+00
9.999716481921150368e-01 7.485979647613322588e-03 -8.141975983391323748e-04 3.066430916555049180e+02 -7.488977383887930953e-03 9.999649520777479372e-01 -3.742966454767887759e-03 -4.869341356879392513e-01 7.861494563939971231e-04 3.748958322451919484e-03 9.999926636328239082e-01 3.752960782713045340e+00
9.999658677934902817e-01 7.803903212208963130e-03 -2.713362933218198443e-03 3.081842973631921154e+02 -7.818359321182119515e-03 9.999550788919634448e-01 -5.358488782440316324e-03 -5.000954538484652101e-01 2.671424390983831183e-03 5.379520620516682790e-03 9.999819619910838009e-01 3.776003070095026004e+00
9.999629263956081315e-01 7.747821503603592209e-03 -3.757271742191997926e-03 3.098859248692508572e+02 -7.768818464807951060e-03 9.999541065964868691e-01 -5.606255790642380651e-03 -5.083075047415916980e-01 3.713663681146870971e-03 5.635238230010790675e-03 9.999772261676677099e-01 3.812295731373554375e+00
9.999728596169347172e-01 5.715168161530795321e-03 -4.649395350400682171e-03 3.114362297815238207e+02 -5.738878030180838939e-03 9.999705156806270034e-01 -5.102254048323040525e-03 -5.152511159527510820e-01 4.620098805782370081e-03 5.128798540392730081e-03 9.999761748011050111e-01 3.842150733533596707e+00
9.999840311872465470e-01 3.562001776556487920e-03 -4.387426350072489052e-03 3.129870850065531158e+02 -3.580706560422307859e-03 9.999845034608116912e-01 -4.262784902293246560e-03 -5.161992692752443990e-01 4.372175041331202196e-03 4.278427464428961879e-03 9.999812894206318026e-01 3.875268393782974385e+00
9.999946060326162511e-01 3.112454602310844604e-03 -1.049062045843483434e-03 3.147025325098354642e+02 -3.115033568628452609e-03 9.999921085423081335e-01 -2.465642817144324522e-03 -5.092406938209573797e-01 1.041379750522109567e-03 2.468897697085975160e-03 9.999964100424035829e-01 3.912034133439563188e+00
9.999911640591856443e-01 3.593975900757022043e-03 2.180628139785764120e-03 3.162680416426293277e+02 -3.585982373830883495e-03 9.999868773882963913e-01 -3.658653382278397731e-03 -5.108640884946157312e-01 -2.193748975611099859e-03 3.650801828084385310e-03 9.999909295339568516e-01 3.940078764134028244e+00
9.999881813756804627e-01 3.821332863840289865e-03 3.005748095262373003e-03 3.179910335485360520e+02 -3.806937159451130939e-03 9.999813260713334984e-01 -4.780657779419481869e-03 -5.137131263439379536e-01 -3.023960924098768877e-03 4.769159195216512472e-03 9.999840552892176326e-01 3.973170879351716422e+00
9.999900765064283492e-01 4.107472365488913472e-03 1.724980536600758058e-03 3.195560858559907729e+02 -4.096782288472038125e-03 9.999726610787578185e-01 -6.155761955645044914e-03 -5.195614660515477379e-01 -1.750218264371646536e-03 6.148634786495976896e-03 9.999795653374949911e-01 3.997089513645453618e+00
9.999884434694185087e-01 4.466423359966912796e-03 1.778760305077369723e-03 3.212801577931612087e+02 -4.454004669151507764e-03 9.999660987017053859e-01 -6.925548082845635854e-03 -5.249785498845331855e-01 -1.809632705229081550e-03 6.917546326493243143e-03 9.999744361019934358e-01 4.026529839640425656e+00
9.999867871335593739e-01 4.656361333146597468e-03 2.178039333631511410e-03 3.228472337922408428e+02 -4.641435612293285697e-03 9.999660502994777156e-01 -6.808469131415997161e-03 -5.309460928568939808e-01 -2.209668419077363225e-03 6.798270813117891082e-03 9.999744501503692318e-01 4.051625065378885004e+00
9.999848517881205767e-01 5.129336217214088695e-03 1.996522497423915132e-03 3.244127319660775584e+02 -5.115284043806663482e-03 9.999625490016716967e-01 -6.981002036197670770e-03 -5.359525388721204653e-01 -2.032255937878144677e-03 6.970684399333497254e-03 9.999736394379543647e-01 4.081810453949935358e+00
9.999831937439640495e-01 5.634312318178016747e-03 1.366291424275686579e-03 3.261330345183554869e+02 -5.626762492514057745e-03 9.999692186984845410e-01 -5.468193780441158412e-03 -5.415916328624644782e-01 -1.397059079331406002e-03 5.460414782442482573e-03 9.999841159511358990e-01 4.111563981398807854e+00
9.999801266125037946e-01 6.274487142040482274e-03 6.141571377936123986e-04 3.276980260655645338e+02 -6.271547002499892366e-03 9.999693921642046623e-01 -4.677861258961496516e-03 -5.466772321413181368e-01 -6.434895940033285308e-04 4.673917177196107268e-03 9.999888701723171902e-01 4.144202430769698964e+00
9.999714666339740710e-01 7.136252350569151012e-03 2.477865354838097375e-03 3.294193719673054375e+02 -7.121636517018079156e-03 9.999574809287943289e-01 -5.858205194009896699e-03 -5.596515502438728085e-01 -2.519566003797284529e-03 5.840392331288841651e-03 9.999797706293385158e-01 4.172332739042293959e+00
9.999674094296319149e-01 7.263089276844045435e-03 3.525281278143307766e-03 3.309829170465439461e+02 -7.239259272429739850e-03 9.999511748380274234e-01 -6.726142695403272351e-03 -5.729086890392429687e-01 -3.573962276466938291e-03 6.700403919509725047e-03 9.999711653119286447e-01 4.197684224185157298e+00
9.999735456820919577e-01 6.975783208448251872e-03 2.060674996410011544e-03 3.325412628836468798e+02 -6.959162871937123705e-03 9.999440583530577742e-01 -7.965559120340835048e-03 -5.861185405385662683e-01 -2.116126042629692169e-03 7.951008842077009545e-03 9.999661512054182078e-01 4.215686516423519770e+00
9.999733580214212880e-01 6.978328755188075924e-03 2.141534944367136199e-03 3.342509344762652859e+02 -6.963016694952639529e-03 9.999507207079898485e-01 -7.076191076524787280e-03 -5.955415906940741966e-01 -2.190809720999301220e-03 7.061091913422148057e-03 9.999726703320006571e-01 4.248010763095027009e+00
9.999759754274401002e-01 6.873782498275993538e-03 8.942480329484959762e-04 3.358016780355250717e+02 -6.869456173608567973e-03 9.999651019662915141e-01 -4.754510902874390689e-03 -6.023932494009071048e-01 -9.268984163333203593e-04 4.748254288219873678e-03 9.999882974268246016e-01 4.273262135140332596e+00
9.999754594895259308e-01 6.111396038353759247e-03 -3.425091716012088928e-03 3.375021850371196024e+02 -6.123211846617475709e-03 9.999753018843932084e-01 -3.449907861817034290e-03 -6.110678944709164728e-01 3.403923953181843456e-03 3.470796205768312062e-03 9.999881833866706149e-01 4.304849887965898958e+00
9.999834707376469289e-01 5.258773943820786723e-03 -2.324552789252343730e-03 3.390516923467830566e+02 -5.263300502729773879e-03 9.999842564330556627e-01 -1.945388313042533020e-03 -6.182158012343356157e-01 2.314286237458725026e-03 1.957591227706768217e-03 9.999954059576389165e-01 4.333225574042218753e+00
9.999898334611084794e-01 4.400524014217691536e-03 9.840535892209427947e-04 3.406015756078181198e+02 -4.399081236048830654e-03 9.999892527742324511e-01 -1.463696258902678600e-03 -6.243908729375751143e-01 -9.904841833332533353e-04 1.459352633518695534e-03 9.999984446217429213e-01 4.362321733208822216e+00
9.999855057306178407e-01 3.242421046145550160e-03 4.298259015931339168e-03 3.423062338609116750e+02 -3.241377575209957937e-03 9.999947155380735087e-01 -2.497310666636466062e-04 -6.314299261040872135e-01 -4.299046718411234959e-03 2.357951971170013118e-04 9.999907312588190988e-01 4.384321519440409709e+00
9.999930122912279451e-01 2.097705250627773799e-03 3.094349579220418735e-03 3.438491432808446007e+02 -2.098438525394124687e-03 9.999977709628313782e-01 2.337259648424326499e-04 -6.371831041441526899e-01 -3.093852886422984293e-03 -2.402176645153348286e-04 9.999951851729927954e-01 4.399977194174170769e+00
9.999994096528124210e-01 1.914788331307518316e-04 1.069593198255565586e-03 3.455413872023517570e+02 -1.909684210446596056e-04 9.999998678626818016e-01 -4.772849813888198930e-04 -6.428572222879319620e-01 -1.069684619956043315e-03 4.770805022276585015e-04 9.999993140867693420e-01 4.413585697635364902e+00
9.999953947926937259e-01 -1.633323053713277425e-03 2.557860051405093198e-03 3.470821692843388178e+02 1.637035174744604213e-03 9.999976090696109932e-01 -1.449812466611766345e-03 -6.470769341220159454e-01 -2.555486347435236873e-03 1.453993282986647349e-03 9.999956776951268722e-01 4.428008115487678253e+00
9.999906524254890128e-01 -2.605161536680177230e-03 3.450824951072961177e-03 3.486199892834046636e+02 2.615749196587540196e-03 9.999918751136498418e-01 -3.067169902683014506e-03 -6.481942108669473956e-01 -3.442807013530706488e-03 3.076168118503704463e-03 9.999893420948844369e-01 4.447731185913589513e+00
9.999923735828837312e-01 -3.049597096777064038e-03 2.439822218787256452e-03 3.503083881683036793e+02 3.057814565430063292e-03 9.999896416430263946e-01 -3.371400583600423287e-03 -6.467827545356297225e-01 -2.429515943278471972e-03 3.378835828324288672e-03 9.999913404408693474e-01 4.467351058851055434e+00
9.999935035393724414e-01 -3.251750549348290682e-03 1.555312473156951003e-03 3.518414745696204022e+02 3.257981815411880883e-03 9.999866094534135552e-01 -4.020749494625720268e-03 -6.393136093404553355e-01 -1.542217439480193580e-03 4.025791069010843833e-03 9.999907072638343219e-01 4.491692807489346073e+00
9.999933582974320778e-01 -3.271142109691817582e-03 1.607168242996987514e-03 3.535280778984534322e+02 3.277716785036831077e-03 9.999862013936176020e-01 -4.105307815469211134e-03 -6.318565364303865284e-01 -1.593717296710660302e-03 4.110548917683746160e-03 9.999902817008350375e-01 4.515647321878354603e+00
9.999937245504202377e-01 -3.236799151359492487e-03 1.440135609595005924e-03 3.550595201963132013e+02 3.243364908293061739e-03 9.999842505462256392e-01 -4.580305182357042454e-03 -6.231084249650186146e-01 -1.425287648445959813e-03 4.584947911013964594e-03 9.999884733616896115e-01 4.542029216131891367e+00
9.999943280781935506e-01 -3.255353296966321652e-03 8.639943078546935421e-04 3.565894938674764489e+02 3.259822588842261303e-03 9.999810482991631222e-01 -5.222695092090389422e-03 -6.160538822753582888e-01 -8.469763701922859407e-04 5.225482606316701750e-03 9.999859884107983321e-01 4.569435500981024134e+00
9.999942698186243817e-01 -3.380453889558232474e-03 1.812771139833272045e-04 3.582711165880823501e+02 3.381387570704743467e-03 9.999795732420844185e-01 -5.423952364605498684e-03 -6.072241252280086155e-01 -1.629380337554633539e-04 5.424534946774686381e-03 9.999852738561983978e-01 4.599803298009024211e+00
9.999943711417046410e-01 -3.308637244496574585e-03 5.573189338918031971e-04 3.597993696410202347e+02 3.311879658205482517e-03 9.999769872795981618e-01 -5.920836197710699876e-03 -5.989780668581554668e-01 -5.377163134892824249e-04 5.922649401398793860e-03 9.999823164178451851e-01 4.625602051627905276e+00
9.999946582593106648e-01 -3.228690946936611794e-03 -5.089279258477405433e-04 3.614793328544717497e+02 3.225828292697836483e-03 9.999795120392164227e-01 -5.528966902644513563e-03 -5.884335887506693119e-01 5.267688937344828463e-04 5.527296361568671823e-03 9.999845856652345155e-01 4.653787255255013910e+00
9.999935922333144100e-01 -3.151058021827169830e-03 -1.698918881326950871e-03 3.630073063657429202e+02 3.139103009927409014e-03 9.999706129365191210e-01 -6.994227632557697624e-03 -5.820197821260520987e-01 1.720908436141155252e-03 6.988850628127916444e-03 9.999740969229260479e-01 4.680262696556277469e+00
9.999953970369316325e-01 -3.022811759737390434e-03 -2.617519107509901489e-04 3.645391504685754285e+02 3.020541334160648655e-03 9.999611663900633829e-01 -8.279006653036458455e-03 -5.759220379589402583e-01 2.867676558676822678e-04 8.278178972045531492e-03 9.999656942154979689e-01 4.707942125071079786e+00
9.999946110976125624e-01 -3.146521941256622337e-03 9.365763192037490983e-04 3.662272335782997743e+02 3.155757160047097890e-03 9.999447387246730434e-01 -1.002798990299299045e-02 -5.654647923761948469e-01 -9.049714359281729736e-04 1.003089275439154882e-02 9.999492798785117875e-01 4.739385774216982483e+00
9.999951496739583057e-01 -3.102881597282465282e-03 2.697301281388523198e-04 3.677609535881752549e+02 3.105567438946250924e-03 9.999389591732606997e-01 -1.060345505310653948e-02 -5.576365339326931903e-01 -2.368124525316060822e-04 1.060424264517431832e-02 9.999437454562675187e-01 4.762227400315908632e+00
9.999961406385804441e-01 -2.712883925042442520e-03 -5.991400581776628416e-04 3.694506203265158319e+02 2.707129079798217038e-03 9.999520993143650172e-01 -9.405871809861540353e-03 -5.408304821338276724e-01 6.246284850472974765e-04 9.404214763270990832e-03 9.999555843577868641e-01 4.794601514740961079e+00
9.999972462064938838e-01 -2.262042002886857552e-03 6.250962939391351914e-04 3.709881063109398838e+02 2.266639366422804405e-03 9.999696468539555072e-01 -7.454370249323874140e-03 -5.271577615123070881e-01 -6.082153322601737506e-04 7.455767543636185844e-03 9.999720204512821953e-01 4.820721742954559019e+00
9.999980300383817244e-01 -1.757706656476059432e-03 9.221640591525838209e-04 3.726785205709682032e+02 1.763296386022524843e-03 9.999798640854469234e-01 -6.096076143110530990e-03 -5.097216421945136577e-01 -9.114305342377635854e-04 6.097690963075197076e-03 9.999809935816666995e-01 4.855000482673101914e+00
9.999987714833229457e-01 -1.403627087309682877e-03 6.977555506193701840e-04 3.742168236115248305e+02 1.407579410969850330e-03 9.999827846074357263e-01 -5.696415395322090847e-03 -4.984900268682894708e-01 -6.897480150126794780e-04 5.697391272737306264e-03 9.999835318849017440e-01 4.881303435040678096e+00
9.999993106491292805e-01 -1.169061389992952747e-03 -1.095300308610251509e-04 3.757555912328268732e+02 1.168396681032534985e-03 9.999820042653381202e-01 -5.884380335871224749e-03 -4.873514458672121297e-01 1.164072744536735179e-04 5.884249058029417459e-03 9.999826809125303972e-01 4.909045509377128802e+00
9.999995531261006709e-01 -8.730450699228050953e-04 -3.626844144796047709e-04 3.774522008512703337e+02 8.709612953849024761e-04 9.999833386716379113e-01 -5.706465179769416342e-03 -4.794707607127776106e-01 3.676604281255425725e-04 5.706147475894498243e-03 9.999836522500820113e-01 4.934395789112191899e+00
9.999996958488851506e-01 -6.598518322088862574e-04 -4.158097624918155122e-04 3.789974905738812936e+02 6.576186060958213227e-04 9.999854815892589288e-01 -5.348279333776411945e-03 -4.749209326495547057e-01 4.193328621510632312e-04 5.348004947301736138e-03 9.999856114262882789e-01 4.958194997091641909e+00
9.999999080756424297e-01 -3.388242252959366855e-04 -2.627677543638412094e-04 3.806998712169482246e+02 3.377373204511387238e-04 9.999914331079960972e-01 -4.125481922171521723e-03 -4.696297920393816550e-01 2.641633575315047665e-04 4.125393324445194437e-03 9.999914556588105352e-01 4.983219475252105291e+00
9.999999051040029396e-01 -3.841841018351091318e-05 4.339538664171383895e-04 3.822497157633804363e+02 3.966965742651932034e-05 9.999958412822490539e-01 -2.883715472569371024e-03 -4.634654224213931029e-01 -4.338413448878599386e-04 2.883732782829946661e-03 9.999957479392483917e-01 5.008677318182273019e+00
9.999999655557320066e-01 2.140380230919948685e-04 -1.519086518253754911e-04 3.838003676041035988e+02 -2.143059470576456601e-04 9.999984179230122505e-01 -1.765844441344229529e-03 -4.584282010922727246e-01 1.515304792440097189e-04 1.765877161460835051e-03 9.999984293658809031e-01 5.033911760403439573e+00
9.999995890689707956e-01 4.997194029906239753e-04 -7.564008796814334452e-04 3.855079798659842822e+02 -5.003616215058546502e-04 9.999995143580590051e-01 -8.490662331126573158e-04 -4.533283041537848335e-01 7.559763428521437028e-04 8.494444668665586309e-04 9.999993534759958891e-01 5.061557323045846601e+00
9.999994420650271110e-01 8.099650175094917420e-04 -6.781048219433303582e-04 3.870621796197015101e+02 -8.100602418594136066e-04 9.999996620839903816e-01 -1.401179438631127360e-04 -4.494661190515825133e-01 6.779912164391447855e-04 1.406671894323392269e-04 9.999997602710110067e-01 5.088193820178427806e+00
9.999993888312885826e-01 1.066452515854860849e-03 2.915748418357639780e-04 3.887728657070276199e+02 -1.066793333651876435e-03 9.999987452230312268e-01 1.171117381598070365e-03 -4.469558528193102731e-01 -2.903255767711289273e-04 -1.171427865824065063e-03 9.999992717279506671e-01 5.114226631720200977e+00
9.999984883266882507e-01 1.428323807716384451e-03 9.915820667083360875e-04 3.903307097946831163e+02 -1.430556732007971094e-03 9.999964347198083692e-01 2.254789791501265669e-03 -4.457824081559906282e-01 -9.883581150436958687e-04 -2.256205186064171291e-03 9.999969663278702736e-01 5.135956275605612298e+00
9.999983155011198388e-01 1.807301237240387581e-03 3.204010092113180122e-04 3.918893514886943308e+02 -1.808229825905930408e-03 9.999940966652342000e-01 2.921808980347832992e-03 -4.455141145131672475e-01 -3.151185709292160953e-04 -2.922383791179095948e-03 9.999956801634091175e-01 5.155833219058981953e+00
9.999977378438993370e-01 2.070554217825757489e-03 4.869413386052225405e-04 3.936089126303301668e+02 -2.071978497002194535e-03 9.999935236451210629e-01 2.942720054455593912e-03 -4.488368772348902414e-01 -4.808451913658828110e-04 -2.943722706211720358e-03 9.999955516183973714e-01 5.182403880146477348e+00
