0 0.00000 0.00000 0.00000 0.00000 0.00000 0.00000 1.00000
1 1.16411 0.01917 0.02551 -0.00021 -0.00022 -0.00089 1.00000
2 2.33010 0.02334 0.04600 -0.00019 -0.00006 -0.00154 1.00000
3 3.57102 0.02031 0.05258 0.00026 0.00006 -0.00303 1.00000
4 4.80664 -0.00408 0.07440 0.00003 0.00013 -0.00369 0.99999
5 5.96500 -0.04415 0.08179 0.00004 0.00009 -0.00404 0.99999
6 7.16243 -0.02367 0.10877 -0.00013 -0.00018 -0.00422 0.99999
7 8.33504 -0.04504 0.11929 -0.00013 -0.00017 -0.00458 0.99999
8 9.55679 -0.03797 0.13778 -0.00009 0.00021 -0.00466 0.99999
9 10.75554 -0.03248 0.15126 -0.00001 0.00052 -0.00430 0.99999
10 11.94305 -0.04026 0.17248 0.00010 0.00048 -0.00322 0.99999
11 13.12465 -0.05153 0.19458 0.00020 0.00036 -0.00205 1.00000
12 14.30619 -0.03789 0.19762 0.00053 0.00029 -0.00136 1.00000
13 15.52746 -0.02576 0.21391 0.00002 0.00028 -0.00102 1.00000
14 16.70699 -0.03275 0.22499 0.00011 0.00017 -0.00103 1.00000
15 17.91733 -0.01146 0.24675 0.00004 0.00028 -0.00086 1.00000
16 19.12013 0.00359 0.26736 0.00006 0.00051 -0.00046 1.00000
17 20.31196 -0.00398 0.29208 0.00016 0.00025 -0.00022 1.00000
18 21.50809 -0.02949 0.29914 0.00038 -0.00021 0.00014 1.00000
19 22.72379 -0.00406 0.31132 0.00011 -0.00015 0.00053 1.00000
20 23.92420 0.01266 0.32077 0.00009 -0.00014 0.00084 1.00000
21 25.11061 0.02897 0.34482 0.00011 -0.00036 0.00110 1.00000
22 26.29429 0.05028 0.35348 -0.00010 -0.00026 0.00138 1.00000
23 27.47315 0.03108 0.36911 0.00012 0.00050 0.00176 1.00000
24 28.69692 0.01648 0.40232 0.00075 0.00081 0.00218 1.00000
25 29.90459 0.05191 0.41003 0.00152 0.00034 0.00255 1.00000
26 31.09976 0.05682 0.41888 0.00117 -0.00002 0.00282 1.00000
27 32.26934 0.05950 0.44167 0.00077 -0.00013 0.00325 0.99999
28 33.46957 0.07333 0.46096 0.00093 0.00007 0.00375 0.99999
29 34.65794 0.06943 0.48157 0.00111 0.00023 0.00404 0.99999
30 35.87241 0.11390 0.50646 0.00101 0.00017 0.00418 0.99999
31 37.07940 0.10817 0.52185 0.00087 0.00017 0.00433 0.99999
32 38.25663 0.14297 0.55460 0.00077 0.00045 0.00445 0.99999
33 39.45101 0.14753 0.55970 0.00113 0.00106 0.00455 0.99999
34 40.69710 0.16872 0.57827 0.00129 0.00162 0.00462 0.99999
35 41.89754 0.18546 0.59032 0.00116 0.00163 0.00437 0.99999
36 43.08355 0.20001 0.60904 0.00060 0.00135 0.00426 0.99999
37 44.29720 0.20415 0.61603 -0.00072 0.00223 0.00405 0.99999
38 45.48071 0.22599 0.60748 -0.00060 0.00360 0.00328 0.99999
39 46.68240 0.28405 0.64193 -0.00097 0.00509 0.00235 0.99998
40 47.89585 0.29846 0.63858 -0.00102 0.00684 0.00173 0.99997
41 49.10158 0.28847 0.64527 -0.00116 0.00765 0.00115 0.99997
42 50.31687 0.25617 0.64404 -0.00039 0.00696 0.00038 0.99998
43 51.51717 0.27522 0.65912 -0.00068 0.00595 -0.00024 0.99998
44 52.70347 0.28071 0.63792 -0.00084 0.00553 -0.00109 0.99998
45 53.92714 0.28737 0.64836 -0.00060 0.00542 -0.00120 0.99998
46 55.11826 0.28842 0.64877 -0.00048 0.00509 -0.00072 0.99999
47 56.29905 0.28689 0.64620 -0.00055 0.00509 -0.00003 0.99999
48 57.49755 0.30981 0.65225 -0.00050 0.00550 0.00077 0.99998
49 58.70677 0.31520 0.66037 -0.00034 0.00601 0.00141 0.99998
50 59.95153 0.33109 0.66427 -0.00026 0.00598 0.00203 0.99998
51 61.15131 0.30601 0.66387 -0.00052 0.00580 0.00268 0.99998
52 62.36238 0.30884 0.65090 -0.00021 0.00559 0.00273 0.99998
53 63.58101 0.34119 0.67258 -0.00012 0.00531 0.00222 0.99998
54 64.78300 0.35363 0.67503 0.00014 0.00552 0.00232 0.99998
55 65.96248 0.35648 0.67982 0.00048 0.00623 0.00243 0.99998
56 67.16003 0.34506 0.69797 0.00043 0.00628 0.00277 0.99998
57 68.35281 0.33954 0.69635 -0.00052 0.00543 0.00266 0.99998
58 69.53633 0.37679 0.69387 -0.00159 0.00515 0.00257 0.99998
59 70.74475 0.42560 0.69622 -0.00172 0.00526 0.00288 0.99998
60 71.98382 0.41531 0.70581 -0.00234 0.00550 0.00278 0.99998
61 73.11618 0.43642 0.71630 -0.00300 0.00589 0.00206 0.99998
62 74.33922 0.43118 0.69827 -0.00325 0.00621 0.00132 0.99997
63 75.51026 0.43019 0.70144 -0.00316 0.00566 0.00034 0.99998
64 76.67001 0.48500 0.73105 -0.00155 0.00343 -0.00093 0.99999
65 77.86554 0.46155 0.74501 -0.00234 0.00270 -0.00277 0.99999
66 78.99691 0.45061 0.72970 -0.00244 0.00410 -0.00467 0.99998
67 80.22469 0.47315 0.74691 -0.00160 0.00538 -0.00575 0.99997
68 81.39282 0.42137 0.76190 -0.00200 0.00457 -0.00758 0.99996
69 82.55947 0.42740 0.76812 -0.00187 0.00303 -0.00957 0.99995
70 83.74454 0.42572 0.77079 -0.00149 0.00128 -0.01124 0.99993
71 84.86761 0.37281 0.79880 -0.00166 0.00084 -0.01280 0.99992
72 86.06212 0.36645 0.81720 -0.00141 0.00142 -0.01433 0.99990
73 87.22104 0.36454 0.82520 -0.00140 0.00187 -0.01637 0.99986
74 88.38280 0.34145 0.84596 -0.00154 0.00124 -0.01829 0.99983
75 89.50237 0.24786 0.85843 -0.00162 0.00007 -0.01993 0.99980
76 90.66965 0.21389 0.86450 -0.00160 -0.00032 -0.02166 0.99976
77 91.83735 0.16837 0.88480 -0.00140 0.00009 -0.02298 0.99974
78 92.99963 0.11274 0.90990 -0.00092 0.00067 -0.02450 0.99970
79 94.13606 0.05466 0.93508 -0.00020 0.00164 -0.02578 0.99967
80 95.31125 0.01245 0.95490 0.00021 0.00226 -0.02702 0.99963
81 96.46853 -0.05911 0.96813 0.00076 0.00157 -0.02799 0.99961
82 97.64076 -0.11734 0.97891 0.00168 -0.00027 -0.02908 0.99958
83 98.81254 -0.16213 0.98588 0.00124 -0.00172 -0.03023 0.99954
84 99.99809 -0.25583 0.98940 0.00118 -0.00249 -0.03096 0.99952
85 101.14619 -0.31502 1.00226 0.00132 -0.00222 -0.03139 0.99950
86 102.32209 -0.39138 1.03124 0.00113 -0.00137 -0.03096 0.99952
87 103.50092 -0.46956 1.05713 0.00133 -0.00072 -0.03025 0.99954
88 104.68282 -0.51931 1.07596 0.00119 -0.00008 -0.02939 0.99957
89 105.85846 -0.61023 1.08934 0.00144 0.00014 -0.02831 0.99960
90 107.04859 -0.64780 1.10547 0.00115 0.00024 -0.02679 0.99964
91 108.24472 -0.72692 1.10790 0.00094 0.00024 -0.02518 0.99968
92 109.45425 -0.75435 1.11611 0.00074 0.00002 -0.02339 0.99973
93 110.69883 -0.82683 1.11115 0.00068 0.00023 -0.02095 0.99978
94 111.89394 -0.87646 1.14131 0.00038 0.00080 -0.01884 0.99982
95 113.11768 -0.90039 1.16202 0.00024 0.00119 -0.01638 0.99987
96 114.36484 -0.92775 1.18747 0.00008 0.00145 -0.01409 0.99990
97 115.58536 -0.96637 1.18862 -0.00020 0.00136 -0.01170 0.99993
98 116.83264 -0.97577 1.20023 -0.00060 0.00116 -0.00925 0.99996
99 118.02523 -0.95843 1.21917 -0.00090 0.00094 -0.00693 0.99998
100 119.23376 -0.95158 1.23580 -0.00138 0.00082 -0.00507 0.99999
101 120.45767 -0.98301 1.23597 -0.00281 0.00083 -0.00386 0.99999
102 121.69611 -1.00443 1.25474 -0.00366 0.00078 -0.00349 0.99999
103 122.94757 -0.99137 1.27043 -0.00415 0.00078 -0.00298 0.99999
104 124.21910 -0.98852 1.28199 -0.00470 0.00110 -0.00240 0.99999
105 125.45431 -0.98120 1.28551 -0.00484 0.00126 -0.00201 0.99999
106 126.70136 -0.98257 1.31850 -0.00669 0.00216 -0.00187 0.99997
107 127.94728 -0.96323 1.29410 -0.00775 0.00364 -0.00153 0.99996
108 129.19522 -0.96401 1.32223 -0.00712 0.00389 -0.00125 0.99997
109 130.45452 -0.97482 1.35112 -0.00700 0.00348 -0.00097 0.99997
110 131.72307 -0.98903 1.33003 -0.00641 0.00337 -0.00073 0.99997
111 133.01160 -0.94467 1.34934 -0.00473 0.00424 -0.00005 0.99998
112 134.25376 -0.95860 1.36742 -0.00277 0.00533 0.00017 0.99998
113 135.50521 -0.97917 1.37776 -0.00185 0.00600 0.00046 0.99998
114 136.74759 -0.97953 1.37708 -0.00039 0.00550 0.00016 0.99998
115 138.01712 -0.97877 1.37084 0.00079 0.00483 0.00004 0.99999
116 139.27961 -0.94564 1.37834 0.00190 0.00466 -0.00017 0.99999
117 140.55377 -0.95612 1.37924 0.00187 0.00473 -0.00025 0.99999
118 141.85037 -0.93404 1.37346 0.00187 0.00523 -0.00072 0.99998
119 143.10278 -0.93849 1.38328 0.00082 0.00632 -0.00102 0.99998
120 144.38739 -0.93936 1.38708 0.00097 0.00587 -0.00125 0.99998
121 145.66711 -0.95376 1.40187 0.00050 0.00512 -0.00152 0.99999
122 146.93391 -0.93972 1.39786 0.00041 0.00379 -0.00168 0.99999
123 148.19582 -0.93988 1.41519 0.00084 0.00187 -0.00185 1.00000
124 149.47203 -0.91457 1.42430 0.00078 -0.00007 -0.00212 1.00000
125 150.73603 -0.92754 1.44876 0.00005 -0.00061 -0.00231 1.00000
126 152.00130 -0.92565 1.46620 0.00080 -0.00054 -0.00251 1.00000
127 153.28829 -0.92239 1.48583 0.00080 -0.00013 -0.00212 1.00000
128 154.57832 -0.94604 1.50349 0.00059 0.00024 -0.00210 1.00000
129 155.81810 -0.92389 1.52059 0.00032 0.00041 -0.00209 1.00000
130 157.07577 -0.93396 1.53914 0.00012 0.00041 -0.00159 1.00000
131 158.31395 -0.93656 1.55715 -0.00002 0.00052 -0.00125 1.00000
132 159.60306 -0.93727 1.56936 0.00011 0.00106 -0.00099 1.00000
133 160.86281 -0.93027 1.59394 -0.00020 0.00129 -0.00102 1.00000
134 162.17477 -0.91546 1.61005 -0.00027 0.00105 -0.00058 1.00000
135 163.41432 -0.93642 1.62676 -0.00046 0.00039 -0.00004 1.00000
136 164.63484 -0.90319 1.63328 -0.00062 0.00020 -0.00008 1.00000
137 165.89844 -0.92542 1.64620 -0.00075 -0.00013 0.00040 1.00000
138 167.19032 -0.91705 1.66940 -0.00100 -0.00063 0.00052 1.00000
139 168.46088 -0.91281 1.69296 -0.00133 -0.00053 0.00103 1.00000
140 169.73794 -0.89010 1.71976 -0.00155 -0.00013 0.00112 1.00000
141 171.00495 -0.90105 1.73549 -0.00131 0.00025 0.00202 1.00000
142 172.26125 -0.87978 1.75537 -0.00107 0.00052 0.00240 1.00000
143 173.56727 -0.88168 1.76300 -0.00131 0.00064 0.00262 1.00000
144 174.78131 -0.85178 1.78826 -0.00184 0.00034 0.00257 0.99999
145 176.05091 -0.84391 1.80394 -0.00207 0.00007 0.00262 0.99999
146 177.31353 -0.81914 1.80750 -0.00223 0.00011 0.00295 0.99999
147 178.58618 -0.83509 1.82968 -0.00197 -0.00022 0.00324 0.99999
148 179.83200 -0.80124 1.83966 -0.00178 -0.00067 0.00308 0.99999
149 181.09221 -0.81385 1.87382 -0.00101 -0.00082 0.00293 0.99999
150 182.39747 -0.78655 1.90875 -0.00089 0.00054 0.00343 0.99999
151 183.61810 -0.76003 1.91524 0.00045 0.00291 0.00344 0.99999
152 184.88881 -0.75651 1.91847 0.00047 0.00296 0.00364 0.99999
153 186.15874 -0.73730 1.94500 -0.00065 0.00142 0.00344 0.99999
154 187.41870 -0.71926 1.93421 -0.00104 0.00046 0.00327 0.99999
155 188.65179 -0.70630 1.96637 -0.00128 0.00043 0.00356 0.99999
156 189.88639 -0.70156 1.98061 -0.00134 0.00090 0.00345 0.99999
157 191.12128 -0.67923 2.00082 -0.00116 0.00162 0.00334 0.99999
158 192.34762 -0.68093 2.02278 -0.00049 0.00242 0.00338 0.99999
159 193.62034 -0.66118 2.04156 -0.00047 0.00234 0.00275 0.99999
160 194.83259 -0.67418 2.04702 0.00014 0.00172 0.00155 1.00000
161 196.05182 -0.62979 2.05977 -0.00001 0.00103 0.00099 1.00000
162 197.28410 -0.62872 2.08971 0.00003 0.00041 0.00043 1.00000
163 198.51689 -0.62398 2.10368 -0.00005 0.00080 0.00012 1.00000
164 199.75737 -0.61061 2.11001 0.00019 0.00157 -0.00044 1.00000
165 200.94492 -0.62123 2.13864 0.00002 0.00210 -0.00126 1.00000
166 202.13525 -0.62877 2.14870 -0.00017 0.00200 -0.00198 1.00000
167 203.36138 -0.62656 2.17115 -0.00024 0.00214 -0.00266 0.99999
168 204.52537 -0.60653 2.18243 -0.00044 0.00226 -0.00348 0.99999
169 205.72361 -0.62580 2.20164 -0.00060 0.00218 -0.00365 0.99999
170 206.89435 -0.62784 2.21169 -0.00064 0.00214 -0.00410 0.99999
171 208.06356 -0.63164 2.23464 -0.00021 0.00222 -0.00431 0.99999
172 209.20630 -0.64554 2.25577 0.00020 0.00274 -0.00419 0.99999
173 210.32708 -0.62922 2.26378 0.00044 0.00315 -0.00411 0.99999
174 211.44273 -0.63706 2.28069 0.00029 0.00321 -0.00387 0.99999
175 212.53079 -0.64554 2.29867 0.00020 0.00298 -0.00369 0.99999
176 213.64570 -0.66075 2.29713 -0.00005 0.00259 -0.00315 0.99999
177 214.70760 -0.65966 2.30543 0.00015 0.00232 -0.00307 0.99999
178 215.78531 -0.64601 2.33888 0.00019 0.00228 -0.00254 0.99999
179 216.83607 -0.66957 2.35172 0.00025 0.00256 -0.00190 0.99999
180 217.86839 -0.65535 2.37314 0.00042 0.00310 -0.00113 0.99999
181 218.89860 -0.64690 2.39148 0.00066 0.00423 -0.00004 0.99999
182 219.86798 -0.63176 2.40126 0.00126 0.00447 0.00067 0.99999
183 220.87230 -0.62132 2.39318 0.00125 0.00429 0.00242 0.99999
184 221.84932 -0.63904 2.39020 0.00072 0.00403 0.00406 0.99998
185 222.80379 -0.61251 2.41189 0.00048 0.00436 0.00528 0.99998
186 223.71011 -0.58494 2.42467 0.00060 0.00437 0.00677 0.99997
187 224.59562 -0.58130 2.44626 0.00033 0.00414 0.00839 0.99996
188 225.46382 -0.54976 2.45097 0.00059 0.00372 0.01001 0.99994
189 226.32426 -0.51377 2.46087 0.00033 0.00376 0.01138 0.99993
190 227.18972 -0.49236 2.46089 0.00016 0.00343 0.01314 0.99991
191 227.98788 -0.47079 2.48702 -0.00086 0.00320 0.01442 0.99989
192 228.76875 -0.45471 2.48745 -0.00135 0.00314 0.01493 0.99988
193 229.53920 -0.43263 2.50733 -0.00170 0.00369 0.01449 0.99989
194 230.32048 -0.37712 2.50568 -0.00133 0.00407 0.01423 0.99989
195 231.06810 -0.38539 2.52802 -0.00129 0.00406 0.01398 0.99989
196 231.81267 -0.32515 2.53039 -0.00103 0.00324 0.01419 0.99989
197 232.51503 -0.28706 2.55325 -0.00189 0.00225 0.01353 0.99990
198 233.25830 -0.28303 2.54259 -0.00165 0.00139 0.01290 0.99991
199 233.95568 -0.28156 2.53518 -0.00177 0.00126 0.01243 0.99992
200 234.68554 -0.24067 2.56417 -0.00206 0.00119 0.01149 0.99993
201 235.38911 -0.21367 2.57741 -0.00162 0.00131 0.01056 0.99994
202 236.08528 -0.23180 2.60304 -0.00198 0.00135 0.00945 0.99995
203 236.80534 -0.20812 2.59622 -0.00165 0.00112 0.00853 0.99996
204 237.52288 -0.19472 2.60832 -0.00163 0.00103 0.00699 0.99997
205 238.24510 -0.18962 2.60499 -0.00115 0.00133 0.00542 0.99998
206 238.95341 -0.17046 2.62576 -0.00034 0.00168 0.00383 0.99999
207 239.62504 -0.17231 2.64125 -0.00013 0.00171 0.00230 1.00000
208 240.28808 -0.14787 2.63628 0.00029 0.00168 0.00097 1.00000
209 240.97623 -0.13800 2.65248 -0.00030 0.00118 -0.00034 1.00000
210 241.64146 -0.14997 2.64451 -0.00031 0.00114 -0.00190 1.00000
211 242.39542 -0.14754 2.65109 -0.00024 0.00088 -0.00354 0.99999
212 243.10930 -0.15335 2.66870 -0.00053 0.00118 -0.00473 0.99999
213 243.78341 -0.15163 2.67962 -0.00061 0.00156 -0.00611 0.99998
214 244.50930 -0.16450 2.68868 -0.00053 0.00145 -0.00713 0.99997
215 245.20468 -0.18942 2.68664 -0.00016 0.00114 -0.00824 0.99997
216 245.91809 -0.17175 2.71112 -0.00014 -0.00010 -0.00913 0.99996
217 246.62292 -0.19511 2.71023 -0.00007 -0.00101 -0.00969 0.99995
218 247.34014 -0.21035 2.71967 -0.00034 -0.00117 -0.00997 0.99995
219 248.06752 -0.22411 2.72415 0.00026 -0.00119 -0.00996 0.99995
220 248.81304 -0.24808 2.74235 -0.00029 -0.00127 -0.00981 0.99995
221 249.56463 -0.25930 2.72463 -0.00022 -0.00166 -0.00994 0.99995
222 250.28676 -0.24453 2.75261 -0.00040 -0.00238 -0.01014 0.99995
223 251.03697 -0.26402 2.75972 0.00180 -0.00375 -0.01044 0.99994
224 251.79343 -0.29686 2.79775 0.00233 -0.00416 -0.01056 0.99993
225 252.55071 -0.32645 2.81054 0.00163 -0.00251 -0.01103 0.99993
226 253.33273 -0.34536 2.78638 0.00014 0.00043 -0.01113 0.99994
227 254.15182 -0.36270 2.78160 0.00056 0.00230 -0.01132 0.99993
228 254.92655 -0.39023 2.81781 0.00177 0.00219 -0.01210 0.99992
229 255.73025 -0.40878 2.83415 0.00148 -0.00081 -0.01412 0.99990
230 256.53724 -0.40330 2.82430 -0.00098 -0.00335 -0.01681 0.99985
231 257.36961 -0.38779 2.83474 -0.00239 -0.00383 -0.01865 0.99982
232 258.21509 -0.44747 2.85415 -0.00164 -0.00240 -0.02004 0.99979
233 259.07640 -0.48301 2.86272 0.00097 -0.00067 -0.02124 0.99977
234 259.90889 -0.51021 2.89002 0.00270 0.00043 -0.02279 0.99974
235 260.74304 -0.55168 2.89943 0.00322 0.00070 -0.02414 0.99970
236 261.56718 -0.61884 2.89765 0.00191 -0.00003 -0.02551 0.99967
237 262.43629 -0.62694 2.90122 0.00067 -0.00157 -0.02661 0.99964
238 263.25167 -0.67376 2.90759 0.00027 -0.00199 -0.02802 0.99961
239 264.08659 -0.74275 2.93806 -0.00038 -0.00088 -0.02916 0.99957
240 264.95780 -0.78391 2.94525 0.00026 0.00031 -0.03071 0.99953
241 265.78935 -0.84580 2.95715 -0.00015 0.00048 -0.03219 0.99948
242 266.61874 -0.88114 2.96859 -0.00055 0.00021 -0.03365 0.99943
243 267.44864 -0.95178 2.97209 -0.00015 -0.00014 -0.03486 0.99939
244 268.30063 -1.03132 2.99825 0.00055 0.00002 -0.03585 0.99936
245 269.12738 -1.06272 3.01556 0.00227 0.00043 -0.03613 0.99934
246 269.98251 -1.12559 3.03114 0.00274 0.00055 -0.03638 0.99933
247 270.83358 -1.18580 3.02976 0.00292 0.00037 -0.03661 0.99933
248 271.69712 -1.23510 3.03802 0.00214 0.00041 -0.03644 0.99933
249 272.56125 -1.28902 3.03636 0.00253 0.00074 -0.03633 0.99934
250 273.40953 -1.37194 3.05074 0.00264 0.00056 -0.03548 0.99937
251 274.27629 -1.40833 3.05559 0.00306 0.00015 -0.03466 0.99939
252 275.13337 -1.48263 3.07832 0.00237 -0.00027 -0.03397 0.99942
253 275.97371 -1.53925 3.07525 0.00206 -0.00047 -0.03327 0.99944
254 276.83412 -1.57659 3.08710 0.00155 -0.00056 -0.03222 0.99948
255 277.65121 -1.64478 3.10301 0.00097 -0.00040 -0.03150 0.99950
256 278.51896 -1.67743 3.12301 0.00080 0.00017 -0.03000 0.99955
257 279.40157 -1.72398 3.14698 0.00113 0.00129 -0.02813 0.99960
258 280.22543 -1.75166 3.17351 0.00209 0.00231 -0.02547 0.99967
259 281.03210 -1.77624 3.18824 0.00268 0.00323 -0.02313 0.99972
260 281.85123 -1.81863 3.19724 0.00268 0.00370 -0.02078 0.99977
261 282.67048 -1.84398 3.18822 0.00316 0.00372 -0.01818 0.99982
262 283.45898 -1.88119 3.17245 0.00413 0.00375 -0.01615 0.99985
263 284.27946 -1.88256 3.19936 0.00414 0.00358 -0.01402 0.99989
264 285.07482 -1.90597 3.20097 0.00399 0.00361 -0.01182 0.99992
265 285.82657 -1.95488 3.20846 0.00391 0.00341 -0.00989 0.99994
266 286.55096 -1.92800 3.21758 0.00358 0.00346 -0.00807 0.99996
267 287.23036 -1.90142 3.24225 0.00425 0.00327 -0.00633 0.99997
268 287.90422 -1.93772 3.24279 0.00418 0.00261 -0.00343 0.99998
269 288.59009 -1.92385 3.25678 0.00329 0.00154 -0.00061 0.99999
270 289.23679 -1.92413 3.25333 0.00283 0.00060 0.00371 0.99999
271 289.93051 -1.90154 3.27620 0.00230 -0.00016 0.00867 0.99996
272 290.54878 -1.85551 3.28258 0.00244 -0.00028 0.01500 0.99988
273 291.16885 -1.85013 3.29244 0.00245 -0.00019 0.02362 0.99972
274 291.74726 -1.77770 3.31154 0.00133 0.00026 0.03340 0.99944
275 292.31936 -1.68538 3.30931 0.00104 0.00005 0.04463 0.99900
276 292.87468 -1.62484 3.31529 0.00062 -0.00024 0.05727 0.99836
277 293.48301 -1.53674 3.33269 -0.00056 -0.00040 0.07135 0.99745
278 294.02031 -1.44649 3.32992 -0.00107 0.00005 0.08695 0.99621
279 294.51694 -1.30601 3.35428 -0.00109 0.00070 0.10370 0.99461
280 295.05604 -1.14577 3.37896 -0.00099 0.00130 0.12178 0.99256
281 295.52734 -1.00459 3.38293 -0.00143 0.00202 0.14138 0.98995
282 296.01698 -0.81833 3.38174 -0.00213 0.00306 0.16125 0.98691
283 296.44547 -0.62416 3.38725 -0.00216 0.00406 0.18197 0.98329
284 296.90390 -0.41915 3.40686 -0.00209 0.00461 0.20344 0.97907
285 297.36623 -0.16887 3.40756 -0.00170 0.00497 0.22570 0.97418
286 297.81578 0.06266 3.40907 -0.00140 0.00514 0.24895 0.96850
287 298.13861 0.34511 3.41103 -0.00082 0.00580 0.27293 0.96202
288 298.50431 0.60602 3.42687 -0.00044 0.00661 0.29787 0.95458
289 298.86366 0.91335 3.44095 -0.00030 0.00651 0.32272 0.94647
290 299.21384 1.19650 3.41265 0.00021 0.00624 0.34881 0.93717
291 299.53329 1.57739 3.39917 0.00125 0.00757 0.37493 0.92702
292 299.83538 1.89772 3.41051 0.00352 0.00991 0.40262 0.91531
293 300.06687 2.27524 3.45159 0.00485 0.01216 0.43071 0.90239
294 300.27978 2.63684 3.48873 0.00360 0.01290 0.45912 0.88827
295 300.43882 3.01891 3.45862 0.00102 0.01231 0.48683 0.87341
296 300.65209 3.42010 3.40882 -0.00073 0.01100 0.51403 0.85770
297 300.79528 3.78279 3.41402 -0.00195 0.01123 0.54062 0.84119
298 300.92103 4.17299 3.40004 -0.00197 0.01158 0.56706 0.82359
299 301.02672 4.57130 3.43191 -0.00253 0.01299 0.59186 0.80593
300 301.05826 5.01142 3.40633 -0.00319 0.01453 0.61644 0.78726
301 301.12629 5.40436 3.42947 -0.00354 0.01562 0.64129 0.76714
302 301.15644 5.83430 3.40871 -0.00528 0.01667 0.66560 0.74611
303 301.17304 6.23560 3.39974 -0.00670 0.01812 0.68938 0.72414
304 301.08280 6.70841 3.39429 -0.00884 0.02027 0.71295 0.70086
305 301.01603 7.14452 3.37974 -0.01053 0.02175 0.73619 0.67634
306 300.91430 7.58370 3.36244 -0.01268 0.02385 0.75855 0.65105
307 300.77243 8.07203 3.33633 -0.01403 0.02603 0.77990 0.62520
308 300.64461 8.55373 3.32671 -0.01515 0.02793 0.80014 0.59897
309 300.46464 8.98983 3.31143 -0.01511 0.02884 0.81920 0.57258
310 300.20803 9.42605 3.29225 -0.01486 0.02945 0.83727 0.54580
311 299.89985 9.83866 3.25424 -0.01448 0.02955 0.85397 0.51929
312 299.61853 10.28972 3.25739 -0.01436 0.02893 0.86902 0.49373
313 299.30076 10.76120 3.20682 -0.01454 0.02904 0.88218 0.46979
314 298.96707 11.24018 3.19252 -0.01499 0.02881 0.89388 0.44713
315 298.57479 11.72786 3.13581 -0.01503 0.03039 0.90435 0.42544
316 298.05756 12.22682 3.13130 -0.01522 0.03379 0.91460 0.40265
317 297.59707 12.69029 3.10994 -0.01582 0.03712 0.92412 0.37996
318 297.09700 13.15177 3.05793 -0.01652 0.03918 0.93324 0.35674
319 296.52117 13.54814 3.00593 -0.01578 0.03882 0.94140 0.33469
320 295.90303 13.96812 3.00884 -0.01344 0.03674 0.94872 0.31369
321 295.32286 14.42226 2.95760 -0.01107 0.03382 0.95533 0.29338
322 294.62371 14.80693 2.95335 -0.00948 0.03258 0.96141 0.27303
323 293.87152 15.16915 2.91810 -0.00940 0.03182 0.96705 0.25240
324 293.15123 15.52334 2.88523 -0.00971 0.03170 0.97210 0.23223
325 292.35291 15.89548 2.84456 -0.00926 0.03124 0.97670 0.21211
326 291.52646 16.23462 2.83018 -0.00884 0.03147 0.98096 0.19145
327 290.71010 16.56023 2.83595 -0.00907 0.03291 0.98465 0.17114
328 289.84164 16.84040 2.80985 -0.01012 0.03348 0.98790 0.15111
329 288.94951 17.07317 2.76785 -0.01080 0.03578 0.99058 0.13176
330 287.99936 17.33177 2.74408 -0.01125 0.03665 0.99283 0.11324
331 286.96096 17.49686 2.71933 -0.00957 0.03611 0.99472 0.09553
332 285.96908 17.64182 2.70915 -0.00788 0.03461 0.99626 0.07874
333 284.93567 17.74858 2.71414 -0.00776 0.03347 0.99743 0.06292
334 283.88430 17.85806 2.66034 -0.00824 0.03373 0.99826 0.04769
335 282.80786 17.95715 2.66795 -0.00783 0.03286 0.99890 0.03268
336 281.66024 18.06315 2.63932 -0.00743 0.03318 0.99924 0.01926
337 280.48984 18.04857 2.62891 -0.00817 0.03226 0.99942 0.00695
338 279.29642 17.99542 2.60392 -0.00886 0.03172 0.99945 -0.00483
339 278.12894 17.96537 2.59895 -0.00869 0.03062 0.99937 -0.01547
340 276.96442 17.97289 2.59994 -0.00760 0.02763 0.99931 -0.02356
341 275.72549 17.85528 2.55217 -0.00654 0.02611 0.99919 -0.02978
342 274.53901 17.78768 2.54914 -0.00705 0.02298 0.99914 -0.03371
343 273.31524 17.70621 2.53085 -0.00828 0.02169 0.99908 -0.03601
344 272.03134 17.57701 2.56084 -0.00803 0.02072 0.99910 -0.03601
345 270.75475 17.44511 2.52946 -0.00714 0.02005 0.99916 -0.03493
346 269.41149 17.38354 2.50706 -0.00709 0.01906 0.99922 -0.03379
347 268.10258 17.29000 2.49622 -0.00784 0.01882 0.99927 -0.03229
348 266.78815 17.18742 2.49190 -0.00831 0.01874 0.99933 -0.03040
349 265.45623 17.10079 2.49742 -0.00888 0.01761 0.99942 -0.02793
350 264.07732 17.02031 2.49202 -0.00995 0.01696 0.99948 -0.02540
351 262.74896 16.97690 2.46743 -0.01103 0.01739 0.99953 -0.02249
352 261.42628 16.89391 2.46067 -0.01133 0.01744 0.99958 -0.01994
353 260.07507 16.83036 2.44602 -0.01096 0.01733 0.99964 -0.01726
354 258.73471 16.76830 2.44554 -0.01033 0.01617 0.99971 -0.01448
355 257.40154 16.73442 2.42647 -0.01004 0.01568 0.99976 -0.01154
356 256.04723 16.69912 2.40479 -0.01093 0.01506 0.99979 -0.00898
357 254.67848 16.67363 2.39010 -0.01277 0.01578 0.99977 -0.00688
358 253.30846 16.65718 2.40394 -0.01324 0.01637 0.99977 -0.00473
359 251.96977 16.62695 2.38735 -0.01276 0.01673 0.99978 -0.00266
360 250.62352 16.64817 2.35322 -0.01226 0.01663 0.99979 -0.00131
361 249.26024 16.64140 2.34824 -0.01095 0.01643 0.99981 0.00013
362 247.91194 16.63029 2.34423 -0.00961 0.01658 0.99982 0.00123
363 246.57923 16.60491 2.31327 -0.01003 0.01596 0.99982 0.00242
364 245.16583 16.62154 2.30219 -0.01134 0.01654 0.99980 0.00278
365 243.79901 16.63036 2.29411 -0.01187 0.01684 0.99978 0.00314
366 242.42934 16.63726 2.27838 -0.01185 0.01684 0.99978 0.00350
367 241.02949 16.62376 2.26077 -0.01168 0.01752 0.99977 0.00319
368 239.70033 16.63229 2.25846 -0.01102 0.01837 0.99977 0.00303
369 238.28052 16.63436 2.24257 -0.00997 0.01907 0.99977 0.00214
370 236.93101 16.66026 2.23719 -0.01048 0.01918 0.99976 0.00174
371 235.53007 16.64355 2.21661 -0.01156 0.01971 0.99974 0.00144
372 234.12289 16.65449 2.19811 -0.01257 0.02016 0.99972 0.00091
373 232.70237 16.65014 2.18131 -0.01298 0.01931 0.99973 0.00020
374 231.29655 16.62867 2.16345 -0.01281 0.01849 0.99975 0.00025
375 229.90429 16.61493 2.12858 -0.01258 0.01766 0.99976 -0.00012
376 228.48025 16.63008 2.11901 -0.01172 0.01787 0.99977 -0.00039
377 227.07486 16.59581 2.12405 -0.01104 0.01716 0.99979 -0.00032
378 225.64338 16.62935 2.08806 -0.01113 0.01750 0.99978 -0.00029
379 224.22367 16.62389 2.08461 -0.01182 0.01752 0.99978 -0.00048
380 222.81306 16.57015 2.08447 -0.01205 0.01754 0.99977 -0.00061
381 221.40301 16.53915 2.05522 -0.01240 0.01765 0.99977 -0.00070
382 220.00848 16.57077 2.03443 -0.01256 0.01762 0.99977 -0.00058
383 218.54579 16.56083 2.01642 -0.01199 0.01759 0.99977 -0.00058
384 217.09425 16.57004 2.00539 -0.01211 0.01779 0.99977 -0.00045
385 215.67129 16.56081 1.97872 -0.01285 0.01832 0.99975 -0.00044
386 214.22196 16.54357 1.97583 -0.01262 0.01838 0.99975 -0.00060
387 212.77344 16.53798 1.96135 -0.01157 0.01871 0.99976 -0.00063
388 211.31280 16.53799 1.93921 -0.01128 0.01841 0.99977 -0.00036
389 209.90021 16.54234 1.91099 -0.01162 0.01904 0.99975 -0.00056
390 208.41067 16.51280 1.90029 -0.01101 0.01897 0.99976 -0.00083
391 206.94480 16.45204 1.89168 -0.01125 0.01825 0.99977 -0.00108
392 205.49616 16.45464 1.87169 -0.01232 0.01772 0.99977 -0.00089
393 204.02551 16.45400 1.84268 -0.01268 0.01782 0.99976 -0.00067
394 202.55514 16.46789 1.83207 -0.01236 0.01836 0.99975 -0.00055
395 201.05822 16.45086 1.82075 -0.01212 0.01847 0.99976 -0.00066
396 199.58966 16.44221 1.80760 -0.01290 0.01858 0.99974 -0.00035
397 198.14084 16.46061 1.79052 -0.01409 0.01824 0.99973 -0.00005
398 196.61182 16.40903 1.77172 -0.01465 0.01835 0.99972 0.00029
399 195.20032 16.40905 1.75528 -0.01481 0.01761 0.99973 0.00080
400 193.76131 16.41557 1.72836 -0.01470 0.01699 0.99975 0.00139
401 192.29210 16.39925 1.69611 -0.01439 0.01709 0.99975 0.00173
402 190.83763 16.41599 1.68645 -0.01399 0.01791 0.99974 0.00239
403 189.37082 16.42228 1.68106 -0.01368 0.01752 0.99975 0.00248
404 187.89206 16.41751 1.65764 -0.01387 0.01775 0.99974 0.00239
405 186.45919 16.44456 1.63900 -0.01378 0.01750 0.99975 0.00308
406 185.03752 16.41663 1.63643 -0.01403 0.01715 0.99975 0.00336
407 183.58362 16.41646 1.58541 -0.01504 0.01763 0.99972 0.00367
408 182.15681 16.46753 1.59089 -0.01560 0.01748 0.99972 0.00442
409 180.74208 16.47711 1.57266 -0.01516 0.01706 0.99973 0.00534
410 179.29887 16.45957 1.54562 -0.01432 0.01678 0.99974 0.00585
411 177.86955 16.47331 1.51598 -0.01456 0.01700 0.99972 0.00725
412 176.39689 16.49683 1.49658 -0.01582 0.01757 0.99969 0.00833
413 174.98870 16.50612 1.49786 -0.01585 0.01849 0.99966 0.00901
414 173.65845 16.51240 1.47780 -0.01570 0.01850 0.99965 0.01030
415 172.27168 16.56948 1.45222 -0.01605 0.01833 0.99964 0.01141
416 170.91845 16.58736 1.43276 -0.01695 0.01801 0.99961 0.01299
417 169.53697 16.60407 1.42279 -0.01761 0.01866 0.99958 0.01366
418 168.15564 16.62049 1.40920 -0.01746 0.01923 0.99956 0.01424
419 166.87931 16.64474 1.37977 -0.01723 0.01929 0.99955 0.01512
420 165.62474 16.69130 1.35472 -0.01835 0.01896 0.99953 0.01554
421 164.33903 16.73554 1.33300 -0.01891 0.01944 0.99951 0.01575
422 163.10759 16.77144 1.35077 -0.01833 0.01885 0.99952 0.01627
423 161.87892 16.80699 1.28728 -0.01736 0.01894 0.99954 0.01587
424 160.68390 16.85214 1.27124 -0.01739 0.01881 0.99955 0.01563
425 159.50952 16.87753 1.27622 -0.01761 0.01881 0.99955 0.01540
426 158.37308 16.91323 1.25818 -0.01811 0.01879 0.99954 0.01529
427 157.28766 16.93543 1.24100 -0.01878 0.01889 0.99954 0.01477
428 156.21763 16.97808 1.22869 -0.01940 0.01873 0.99953 0.01452
429 155.14012 16.99403 1.20976 -0.01927 0.01850 0.99954 0.01463
430 154.08859 16.99693 1.18286 -0.01843 0.01835 0.99957 0.01383
431 153.10574 17.00727 1.19476 -0.01793 0.01819 0.99958 0.01372
432 152.19174 17.02758 1.16402 -0.01779 0.01807 0.99958 0.01390
433 151.18948 17.04530 1.15375 -0.01827 0.01817 0.99957 0.01364
434 150.27279 17.11504 1.14352 -0.01881 0.01818 0.99957 0.01347
435 149.34937 17.15868 1.11680 -0.01910 0.01839 0.99956 0.01325
436 148.46310 17.19820 1.10795 -0.01925 0.01833 0.99956 0.01304
437 147.62903 17.14166 1.08617 -0.01915 0.01845 0.99957 0.01233
438 146.81834 17.14859 1.10244 -0.01805 0.01813 0.99960 0.01221
439 145.97121 17.18402 1.07935 -0.01651 0.01962 0.99960 0.01200
440 145.12665 17.18429 1.05416 -0.01616 0.02084 0.99958 0.01194
441 144.30382 17.21450 1.04467 -0.01618 0.02031 0.99959 0.01180
442 143.58810 17.24179 1.03742 -0.01608 0.02029 0.99960 0.01161
443 142.83850 17.29320 1.03383 -0.01512 0.02119 0.99960 0.01130
444 142.01896 17.29354 1.02198 -0.01490 0.02152 0.99960 0.01108
445 141.28442 17.30116 1.00108 -0.01515 0.02152 0.99958 0.01178
446 140.56862 17.29350 0.97388 -0.01550 0.02164 0.99957 0.01225
447 139.80464 17.33653 1.00394 -0.01539 0.02180 0.99957 0.01215
448 139.06810 17.36524 0.98694 -0.01489 0.02262 0.99956 0.01214
449 138.35754 17.36884 0.97405 -0.01447 0.02301 0.99955 0.01263
450 137.65327 17.37236 0.96993 -0.01349 0.02404 0.99953 0.01312
451 136.88911 17.36730 0.96327 -0.01220 0.02436 0.99955 0.01274
452 136.21442 17.35546 0.95883 -0.01107 0.02431 0.99956 0.01306
453 135.56961 17.41715 0.93863 -0.01005 0.02401 0.99957 0.01346
454 134.87732 17.45263 0.94261 -0.00924 0.02281 0.99960 0.01364
455 134.14421 17.45438 0.89280 -0.00932 0.02300 0.99960 0.01378
456 133.41858 17.45105 0.91414 -0.01086 0.02486 0.99953 0.01417
457 132.79617 17.50942 0.98314 -0.01204 0.02366 0.99954 0.01440
458 132.10926 17.49110 0.95744 -0.01096 0.02104 0.99961 0.01462
459 131.42107 17.46905 0.90332 -0.00771 0.01934 0.99968 0.01465
460 130.73058 17.48847 0.89918 -0.00409 0.02025 0.99969 0.01423
461 130.01430 17.52401 0.92737 -0.00285 0.01884 0.99972 0.01400
462 129.36610 17.54429 0.89898 -0.00384 0.01654 0.99976 0.01394
463 128.59400 17.49832 0.89442 -0.00562 0.01488 0.99979 0.01307
464 127.86365 17.53866 0.89750 -0.00728 0.01416 0.99979 0.01273
465 127.11742 17.58423 0.91064 -0.00796 0.01417 0.99980 0.01171
466 126.36003 17.59729 0.91614 -0.00775 0.01425 0.99982 0.01031
467 125.61817 17.55673 0.91637 -0.00677 0.01369 0.99985 0.00819
468 124.82808 17.59656 0.88909 -0.00644 0.01241 0.99988 0.00683
469 124.01732 17.58356 0.86414 -0.00763 0.01184 0.99989 0.00485
470 123.21449 17.60520 0.85701 -0.01026 0.01218 0.99987 0.00319
471 122.42352 17.61298 0.86921 -0.01230 0.01314 0.99984 0.00164
472 121.49253 17.58629 0.88494 -0.01248 0.01361 0.99983 -0.00019
473 120.63867 17.56147 0.86266 -0.01193 0.01435 0.99982 -0.00214
474 119.79656 17.56859 0.84662 -0.01040 0.01498 0.99982 -0.00439
475 118.81566 17.56811 0.81292 -0.00971 0.01603 0.99980 -0.00647
476 117.88533 17.55563 0.79665 -0.00977 0.01664 0.99978 -0.00818
477 117.00465 17.52087 0.77380 -0.01102 0.01713 0.99974 -0.00995
478 116.04555 17.51027 0.76783 -0.01251 0.01784 0.99969 -0.01239
479 115.07786 17.50519 0.75726 -0.01235 0.02010 0.99962 -0.01461
480 114.08602 17.46364 0.76325 -0.01139 0.02079 0.99958 -0.01675
481 113.08204 17.37400 0.74093 -0.00969 0.02095 0.99956 -0.01878
482 112.03371 17.36183 0.71489 -0.00843 0.02106 0.99953 -0.02056
483 110.99799 17.33296 0.69134 -0.00848 0.02127 0.99949 -0.02223
484 109.96860 17.26283 0.68661 -0.00848 0.02167 0.99946 -0.02335
485 108.93165 17.20888 0.69368 -0.00783 0.02146 0.99946 -0.02361
486 107.82498 17.13734 0.67612 -0.00578 0.02112 0.99949 -0.02345
487 106.69020 17.06661 0.65434 -0.00401 0.02150 0.99948 -0.02350
488 105.56797 17.01461 0.63177 -0.00529 0.02192 0.99948 -0.02324
489 104.44657 16.97587 0.63386 -0.00870 0.02241 0.99945 -0.02286
490 103.29152 16.92477 0.64447 -0.01090 0.02322 0.99941 -0.02281
491 102.08470 16.87039 0.63209 -0.00980 0.02316 0.99944 -0.02225
492 100.85917 16.80323 0.62997 -0.00825 0.02172 0.99948 -0.02235
493 99.65642 16.77198 0.57962 -0.00816 0.02093 0.99951 -0.02179
494 98.44112 16.67156 0.58439 -0.00807 0.02105 0.99951 -0.02153
495 97.20888 16.60290 0.56846 -0.00742 0.02146 0.99951 -0.02164
496 95.95962 16.55014 0.55851 -0.00873 0.02145 0.99951 -0.02115
497 94.62868 16.51541 0.54136 -0.01023 0.02199 0.99950 -0.02052
498 93.38550 16.45302 0.56078 -0.00966 0.02157 0.99954 -0.01914
499 92.09663 16.40293 0.51180 -0.00933 0.02060 0.99959 -0.01778
500 90.74714 16.32417 0.48387 -0.00895 0.02022 0.99961 -0.01691
501 89.41770 16.27704 0.50728 -0.00496 0.02043 0.99966 -0.01544
502 88.07346 16.23346 0.46761 -0.00196 0.01969 0.99970 -0.01410
503 86.68221 16.19771 0.41796 -0.00455 0.01908 0.99973 -0.01271
504 85.28638 16.14174 0.48022 -0.00945 0.01944 0.99970 -0.01149
505 83.92141 16.11275 0.48958 -0.01099 0.02040 0.99968 -0.00998
506 82.51534 16.06652 0.44778 -0.00962 0.01939 0.99973 -0.00872
507 81.06758 16.05773 0.40673 -0.00817 0.01823 0.99977 -0.00768
508 79.61181 16.03275 0.38883 -0.00820 0.01864 0.99977 -0.00671
509 78.15321 16.00525 0.40316 -0.00872 0.01925 0.99976 -0.00566
510 76.69255 15.95278 0.37438 -0.00957 0.02003 0.99974 -0.00454
511 75.22501 15.92562 0.37626 -0.01084 0.01970 0.99974 -0.00371
512 73.73555 15.94310 0.33502 -0.01216 0.01938 0.99973 -0.00254
513 72.27505 15.87888 0.31338 -0.01381 0.01855 0.99973 -0.00168
514 70.80012 15.92944 0.28316 -0.01462 0.01946 0.99970 -0.00059
515 69.38594 15.92637 0.28493 -0.01436 0.01934 0.99971 0.00026
516 67.85307 15.88950 0.26628 -0.01377 0.01926 0.99972 0.00050
517 66.40611 15.90997 0.25142 -0.01337 0.01911 0.99973 0.00121
518 64.91061 15.87985 0.23906 -0.01392 0.01838 0.99973 0.00167
519 63.44377 15.87824 0.20297 -0.01381 0.01901 0.99972 0.00146
520 61.98744 15.89318 0.19434 -0.01276 0.01894 0.99974 0.00156
521 60.51824 15.88603 0.18852 -0.01281 0.01835 0.99975 0.00145
522 59.00782 15.90375 0.14517 -0.01483 0.01871 0.99971 0.00147
523 57.51968 15.89742 0.12868 -0.01659 0.01988 0.99966 0.00154
524 56.05878 15.89416 0.10612 -0.01674 0.02028 0.99965 0.00136
525 54.59486 15.90150 0.08433 -0.01492 0.01976 0.99969 0.00117
526 53.21022 15.85804 0.05653 -0.01290 0.01863 0.99974 0.00080
527 51.78312 15.86329 0.03968 -0.01237 0.01814 0.99976 0.00043
528 50.25820 15.86693 0.02523 -0.01300 0.01841 0.99975 -0.00024
529 48.84308 15.86796 0.03027 -0.01424 0.01870 0.99972 -0.00028
530 47.41096 15.87997 -0.00254 -0.01637 0.01863 0.99969 -0.00086
531 45.93179 15.85987 -0.00963 -0.01676 0.01808 0.99970 -0.00134
532 44.46896 15.86136 -0.04337 -0.01467 0.01849 0.99972 -0.00107
533 43.05275 15.83251 -0.07789 -0.01261 0.01793 0.99976 -0.00062
534 41.58818 15.82594 -0.10993 -0.01224 0.01802 0.99976 -0.00052
535 40.17234 15.79012 -0.11147 -0.01378 0.01853 0.99973 -0.00050
536 38.75012 15.78333 -0.09221 -0.01482 0.01931 0.99970 -0.00027
537 37.29470 15.79495 -0.11290 -0.01459 0.01829 0.99973 -0.00004
538 35.86919 15.81580 -0.15678 -0.01388 0.01681 0.99976 0.00018
539 34.41229 15.78347 -0.18633 -0.01352 0.01642 0.99977 0.00057
540 33.00534 15.73198 -0.20097 -0.01286 0.01722 0.99977 0.00075
541 31.58556 15.74894 -0.21346 -0.01293 0.01749 0.99976 0.00096
542 30.17342 15.75720 -0.20269 -0.01348 0.01856 0.99974 0.00085
543 28.74762 15.76989 -0.21437 -0.01391 0.01944 0.99971 0.00085
544 27.30950 15.75516 -0.21096 -0.01388 0.01913 0.99972 0.00067
545 25.90035 15.74541 -0.26432 -0.01349 0.01916 0.99972 0.00099
546 24.49357 15.73363 -0.28565 -0.01340 0.01798 0.99975 0.00127
547 23.10803 15.74965 -0.28786 -0.01335 0.01702 0.99977 0.00137
548 21.69651 15.72215 -0.29202 -0.01395 0.01658 0.99976 0.00154
549 20.29748 15.70440 -0.30994 -0.01441 0.01740 0.99974 0.00178
550 18.92752 15.72551 -0.32183 -0.01481 0.01793 0.99973 0.00175
551 17.54734 15.72332 -0.33065 -0.01530 0.01809 0.99972 0.00155
552 16.13638 15.74910 -0.35266 -0.01405 0.01806 0.99974 0.00150
553 14.81101 15.74083 -0.37742 -0.01209 0.01699 0.99978 0.00183
554 13.38292 15.72175 -0.39897 -0.01077 0.01490 0.99983 0.00190
555 12.02592 15.70950 -0.42574 -0.01146 0.01338 0.99984 0.00192
556 10.65132 15.71578 -0.43655 -0.01269 0.01308 0.99983 0.00157
557 9.26519 15.69352 -0.43968 -0.01375 0.01354 0.99981 0.00176
558 7.91313 15.67428 -0.46184 -0.01494 0.01561 0.99977 0.00172
559 6.58037 15.68314 -0.47281 -0.01603 0.01807 0.99971 0.00151
560 5.17736 15.71631 -0.46675 -0.01590 0.01969 0.99968 0.00158
561 3.81883 15.71538 -0.50204 -0.01470 0.01976 0.99970 0.00138
562 2.49050 15.70326 -0.53534 -0.01320 0.01912 0.99973 0.00136
563 1.08501 15.69367 -0.56417 -0.01265 0.01814 0.99975 0.00146
564 -0.28678 15.67701 -0.58230 -0.01299 0.01753 0.99976 0.00171
565 -1.64004 15.65005 -0.58516 -0.01278 0.01717 0.99977 0.00160
566 -3.02685 15.70536 -0.61360 -0.01214 0.01742 0.99977 0.00206
567 -4.41424 15.69942 -0.61980 -0.01180 0.01682 0.99979 0.00190
568 -5.76693 15.70520 -0.64991 -0.01188 0.01707 0.99978 0.00207
569 -7.18365 15.70521 -0.64736 -0.01176 0.01650 0.99979 0.00210
570 -8.60943 15.70138 -0.67187 -0.01187 0.01559 0.99981 0.00213
571 -9.98303 15.65073 -0.71671 -0.01298 0.01508 0.99980 0.00237
572 -11.35185 15.66059 -0.72396 -0.01355 0.01421 0.99980 0.00242
573 -12.78030 15.67609 -0.72499 -0.01240 0.01370 0.99983 0.00287
574 -14.22159 15.67833 -0.77407 -0.01137 0.01320 0.99984 0.00274
575 -15.62888 15.68411 -0.76922 -0.01153 0.01237 0.99985 0.00272
576 -17.03152 15.68543 -0.78878 -0.01119 0.01301 0.99985 0.00256
577 -18.41982 15.65860 -0.78900 -0.00937 0.01198 0.99988 0.00244
578 -19.82124 15.67681 -0.81976 -0.00855 0.01173 0.99989 0.00231
579 -21.26798 15.68432 -0.83360 -0.00917 0.01176 0.99989 0.00212
580 -22.68606 15.68095 -0.82951 -0.00999 0.01296 0.99986 0.00192
581 -24.08916 15.69922 -0.80755 -0.01008 0.01393 0.99985 0.00148
582 -25.50796 15.69049 -0.83884 -0.00987 0.01371 0.99986 0.00139
583 -26.96751 15.67204 -0.84252 -0.00896 0.01345 0.99987 0.00150
584 -28.39318 15.65806 -0.86352 -0.00912 0.01243 0.99988 0.00146
585 -29.81307 15.67627 -0.89303 -0.01073 0.01278 0.99986 0.00135
586 -31.22414 15.66712 -0.88424 -0.01162 0.01388 0.99984 0.00107
587 -32.65657 15.66546 -0.88024 -0.01117 0.01551 0.99982 0.00049
588 -34.08952 15.66895 -0.90231 -0.01108 0.01614 0.99981 0.00022
589 -35.53249 15.67266 -0.91715 -0.01161 0.01706 0.99979 0.00004
590 -36.98947 15.66001 -0.92342 -0.01186 0.01776 0.99977 0.00008
591 -38.37789 15.66563 -0.93114 -0.01195 0.01834 0.99976 0.00005
592 -39.81926 15.66816 -0.94157 -0.01268 0.01942 0.99973 -0.00018
593 -41.21186 15.64788 -0.95820 -0.01306 0.02063 0.99970 -0.00033
594 -42.62509 15.63840 -0.95978 -0.01190 0.02203 0.99969 -0.00036
595 -44.04125 15.65221 -0.97202 -0.00952 0.02275 0.99970 -0.00053
596 -45.44527 15.61619 -0.96959 -0.00854 0.02238 0.99971 -0.00088
597 -46.85588 15.63417 -1.00119 -0.00975 0.02298 0.99969 -0.00086
598 -48.28001 15.62779 -1.00384 -0.01049 0.02305 0.99968 -0.00076
599 -49.66694 15.61805 -1.01025 -0.01034 0.02271 0.99969 -0.00084
600 -51.06957 15.58447 -1.02525 -0.01019 0.02285 0.99969 -0.00072
601 -52.46578 15.57236 -1.03943 -0.01056 0.02284 0.99968 -0.00069
602 -53.83430 15.57608 -1.03779 -0.01001 0.02297 0.99969 -0.00023
603 -55.27578 15.58033 -1.04793 -0.00941 0.02256 0.99970 0.00015
604 -56.65730 15.55976 -1.06912 -0.00972 0.02238 0.99970 0.00061
605 -58.05937 15.58126 -1.06851 -0.00992 0.02267 0.99969 0.00078
606 -59.48539 15.57464 -1.06791 -0.00937 0.02309 0.99969 0.00119
607 -60.86988 15.56368 -1.06841 -0.00919 0.02273 0.99970 0.00161
608 -62.25804 15.56550 -1.07363 -0.00960 0.02245 0.99970 0.00181
609 -63.69472 15.56852 -1.08548 -0.00984 0.02235 0.99970 0.00216
610 -65.08226 15.57532 -1.09533 -0.01003 0.02196 0.99971 0.00236
611 -66.45594 15.60206 -1.09325 -0.01017 0.02167 0.99971 0.00278
612 -67.86436 15.59360 -1.10808 -0.01019 0.02192 0.99970 0.00272
613 -69.27810 15.57694 -1.11635 -0.00981 0.02265 0.99969 0.00289
614 -70.65358 15.56930 -1.12469 -0.00899 0.02271 0.99970 0.00277
615 -72.06006 15.57177 -1.13726 -0.00831 0.02271 0.99970 0.00278
616 -73.45368 15.57865 -1.14160 -0.00859 0.02256 0.99970 0.00286
617 -74.83050 15.57332 -1.14665 -0.00979 0.02349 0.99967 0.00228
618 -76.20910 15.57231 -1.13552 -0.01107 0.02437 0.99964 0.00170
619 -77.60690 15.60161 -1.13958 -0.01103 0.02535 0.99962 0.00095
620 -78.97899 15.61434 -1.13461 -0.00952 0.02465 0.99965 0.00058
621 -80.33632 15.59003 -1.14490 -0.00769 0.02324 0.99970 0.00070
622 -81.68879 15.57464 -1.18201 -0.00774 0.02286 0.99971 0.00056
623 -83.05727 15.53882 -1.18382 -0.01018 0.02310 0.99968 0.00083
624 -84.40228 15.55180 -1.17039 -0.01211 0.02412 0.99964 0.00085
625 -85.73893 15.55472 -1.16716 -0.01243 0.02441 0.99962 0.00054
626 -87.08722 15.55876 -1.17411 -0.01163 0.02380 0.99965 0.00042
627 -88.45250 15.53499 -1.19790 -0.01042 0.02360 0.99967 0.00099
628 -89.78414 15.53167 -1.22090 -0.00981 0.02294 0.99969 0.00184
629 -91.14042 15.53782 -1.22183 -0.00997 0.02222 0.99970 0.00207
630 -92.48472 15.54887 -1.22316 -0.01078 0.02228 0.99969 0.00219
631 -93.79167 15.53774 -1.21828 -0.01066 0.02244 0.99969 0.00261
632 -95.10759 15.54822 -1.22400 -0.01016 0.02226 0.99970 0.00315
633 -96.42509 15.52901 -1.23985 -0.01038 0.02208 0.99970 0.00341
634 -97.75750 15.52254 -1.23795 -0.01108 0.02214 0.99969 0.00386
635 -99.02652 15.56289 -1.24343 -0.01136 0.02209 0.99968 0.00444
636 -100.36051 15.55354 -1.24440 -0.01120 0.02189 0.99969 0.00476
637 -101.66278 15.55644 -1.26118 -0.01117 0.02181 0.99969 0.00479
638 -102.96754 15.55933 -1.26875 -0.01111 0.02166 0.99969 0.00491
639 -104.27696 15.57061 -1.27113 -0.01129 0.02167 0.99969 0.00565
640 -105.61437 15.59224 -1.28053 -0.01108 0.02168 0.99969 0.00586
641 -106.90446 15.58082 -1.29723 -0.01063 0.02178 0.99969 0.00618
642 -108.18509 15.59423 -1.28764 -0.00994 0.02144 0.99970 0.00644
643 -109.42848 15.61269 -1.30598 -0.00999 0.02130 0.99970 0.00641
644 -110.74100 15.64013 -1.30632 -0.01104 0.02148 0.99969 0.00650
645 -112.01474 15.64689 -1.29530 -0.01125 0.02196 0.99967 0.00678
646 -113.25405 15.65130 -1.31349 -0.01089 0.02185 0.99968 0.00676
647 -114.53074 15.66025 -1.32023 -0.01066 0.02158 0.99969 0.00648
648 -115.80448 15.68352 -1.32975 -0.01097 0.02206 0.99968 0.00641
649 -117.08051 15.70176 -1.33817 -0.01132 0.02248 0.99966 0.00627
650 -118.31796 15.71189 -1.35357 -0.01179 0.02270 0.99965 0.00619
651 -119.59726 15.72329 -1.36273 -0.01171 0.02283 0.99965 0.00609
652 -120.85934 15.71420 -1.37367 -0.01142 0.02252 0.99966 0.00603
653 -122.06511 15.73823 -1.38479 -0.01142 0.02255 0.99966 0.00611
654 -123.30814 15.72469 -1.38384 -0.01143 0.02234 0.99966 0.00648
655 -124.52539 15.75216 -1.39309 -0.01153 0.02196 0.99967 0.00698
656 -125.70049 15.77483 -1.39235 -0.01209 0.02132 0.99967 0.00728
657 -126.92402 15.77537 -1.40118 -0.01224 0.02085 0.99968 0.00803
658 -128.10982 15.79074 -1.42156 -0.01200 0.02074 0.99967 0.00876
659 -129.30191 15.81184 -1.41342 -0.01127 0.02024 0.99969 0.00912
660 -130.42495 15.82698 -1.42621 -0.01102 0.02026 0.99969 0.00961
661 -131.64675 15.83811 -1.42789 -0.01160 0.02014 0.99968 0.00972
662 -132.80899 15.87120 -1.41078 -0.01260 0.02062 0.99966 0.00973
663 -133.84352 15.89697 -1.43916 -0.01339 0.02233 0.99961 0.00968
664 -134.94919 15.91097 -1.42756 -0.01333 0.02316 0.99960 0.00962
665 -135.99808 15.93478 -1.44839 -0.01350 0.02248 0.99961 0.00978
666 -137.10021 15.93400 -1.45823 -0.01454 0.02219 0.99960 0.00983
667 -138.16675 15.96739 -1.46295 -0.01494 0.02265 0.99958 0.01027
668 -139.18661 15.97613 -1.47747 -0.01460 0.02253 0.99958 0.01124
669 -140.15364 15.96812 -1.48596 -0.01429 0.02174 0.99959 0.01226
670 -141.10583 15.98645 -1.49056 -0.01451 0.02154 0.99958 0.01277
671 -142.05649 16.01932 -1.49901 -0.01481 0.02261 0.99955 0.01294
672 -142.91684 16.05708 -1.50533 -0.01489 0.02315 0.99954 0.01286
673 -143.80147 16.06436 -1.50717 -0.01446 0.02406 0.99953 0.01190
674 -144.65010 16.08810 -1.52021 -0.01398 0.02567 0.99953 0.00898
675 -145.44958 16.04495 -1.51513 -0.01340 0.02834 0.99950 0.00331
676 -146.21882 16.02386 -1.50907 -0.01309 0.03007 0.99945 -0.00557
677 -146.98851 16.03965 -1.52151 -0.01362 0.03037 0.99931 -0.01668
678 -147.70994 16.03848 -1.52248 -0.01477 0.02981 0.99900 -0.02982
679 -148.39884 15.93143 -1.53293 -0.01652 0.02985 0.99844 -0.04411
680 -149.10039 15.85791 -1.52153 -0.01707 0.02998 0.99764 -0.05943
681 -149.72568 15.73045 -1.50921 -0.01603 0.03070 0.99641 -0.07730
682 -150.32560 15.57501 -1.52577 -0.01407 0.03180 0.99460 -0.09776
683 -150.89240 15.42697 -1.52894 -0.01209 0.03210 0.99218 -0.11999
684 -151.46523 15.24130 -1.53835 -0.01119 0.03152 0.98897 -0.14433
685 -152.00410 15.04089 -1.54118 -0.01078 0.03246 0.98482 -0.17017
686 -152.38729 14.79731 -1.49893 -0.01048 0.03361 0.97950 -0.19833
687 -152.85381 14.58404 -1.47527 -0.01020 0.03318 0.97320 -0.22734
688 -153.31974 14.27855 -1.48840 -0.00909 0.03346 0.96555 -0.25790
689 -153.77216 13.96780 -1.48112 -0.00865 0.03254 0.95682 -0.28874
690 -154.18798 13.64158 -1.46047 -0.00849 0.03297 0.94668 -0.32037
691 -154.55292 13.29987 -1.44960 -0.00835 0.03254 0.93525 -0.35238
692 -154.89264 12.92004 -1.43287 -0.00814 0.03219 0.92229 -0.38507
693 -155.12821 12.56800 -1.40249 -0.00858 0.03048 0.90775 -0.41832
694 -155.45132 12.11973 -1.38190 -0.00819 0.02823 0.89201 -0.45105
695 -155.65335 11.71870 -1.38206 -0.00727 0.02626 0.87586 -0.48180
696 -155.86661 11.23338 -1.37103 -0.00598 0.02488 0.85822 -0.51265
697 -156.03943 10.81325 -1.36992 -0.00503 0.02476 0.83972 -0.54242
698 -156.16801 10.37584 -1.31548 -0.00454 0.02534 0.82025 -0.57143
699 -156.25402 9.92661 -1.28624 -0.00326 0.02571 0.79980 -0.59970
700 -156.29901 9.47160 -1.26409 -0.00170 0.02511 0.77850 -0.62714
701 -156.40152 8.97641 -1.24990 -0.00053 0.02311 0.75614 -0.65400
702 -156.35349 8.49657 -1.28160 -0.00246 0.02086 0.73259 -0.68034
703 -156.35786 8.01809 -1.21179 -0.00558 0.01800 0.70803 -0.70593
704 -156.28321 7.52447 -1.19876 -0.00870 0.01438 0.68261 -0.73059
705 -156.18013 7.02670 -1.16170 -0.01087 0.00996 0.65608 -0.75455
706 -156.07137 6.55050 -1.18285 -0.01208 0.00621 0.62838 -0.77779
707 -155.87563 6.09396 -1.20380 -0.01275 0.00476 0.59967 -0.80013
708 -155.64497 5.62470 -1.17115 -0.01365 0.00368 0.57012 -0.82144
709 -155.45704 5.12160 -1.15426 -0.01531 0.00256 0.54017 -0.84141
710 -155.12970 4.68740 -1.15984 -0.01734 0.00076 0.50911 -0.86053
711 -154.83591 4.25130 -1.15631 -0.01884 -0.00118 0.47788 -0.87822
712 -154.50154 3.79902 -1.17164 -0.01912 -0.00199 0.44647 -0.89459
713 -154.10408 3.39568 -1.16392 -0.01783 -0.00169 0.41569 -0.90933
714 -153.65538 2.99973 -1.22021 -0.01781 0.00007 0.38484 -0.92281
715 -153.20493 2.61056 -1.16503 -0.01782 0.00191 0.35454 -0.93487
716 -152.70055 2.22464 -1.14547 -0.01774 0.00259 0.32428 -0.94579
717 -152.15264 1.87366 -1.15137 -0.01776 0.00199 0.29402 -0.95563
718 -151.57499 1.53728 -1.16457 -0.01775 0.00081 0.26284 -0.96468
719 -150.97419 1.28094 -1.17500 -0.01809 0.00046 0.23079 -0.97284
720 -150.39004 1.07695 -1.15697 -0.01755 -0.00021 0.19947 -0.97975
721 -149.79118 0.84228 -1.14926 -0.01704 -0.00063 0.17040 -0.98523
722 -149.05253 0.66549 -1.17036 -0.01595 -0.00056 0.14372 -0.98949
723 -148.33906 0.43805 -1.15883 -0.01261 0.00014 0.11982 -0.99272
724 -147.57183 0.30777 -1.15392 -0.00853 0.00093 0.09934 -0.99502
725 -146.84584 0.23095 -1.16051 -0.00748 0.00063 0.08165 -0.99663
726 -146.04202 0.11644 -1.14638 -0.00830 -0.00008 0.06491 -0.99786
727 -145.21593 0.01767 -1.14250 -0.00906 -0.00056 0.04952 -0.99873
728 -144.33963 -0.04883 -1.13954 -0.00786 -0.00072 0.03622 -0.99931
729 -143.46650 -0.02863 -1.13564 -0.00509 -0.00042 0.02474 -0.99968
730 -142.56831 -0.08732 -1.14262 -0.00237 0.00046 0.01687 -0.99985
731 -141.62201 -0.07912 -1.13745 0.00082 0.00102 0.01249 -0.99992
732 -140.73131 -0.09803 -1.13314 0.00296 0.00132 0.01079 -0.99994
733 -139.75470 -0.09914 -1.14006 0.00289 0.00100 0.01008 -0.99994
734 -138.71446 -0.10001 -1.11891 0.00224 0.00025 0.00953 -0.99995
735 -137.74243 -0.13481 -1.10789 0.00218 -0.00039 0.00914 -0.99996
736 -136.73315 -0.15296 -1.10368 0.00090 -0.00009 0.00846 -0.99996
737 -135.70393 -0.11954 -1.09998 0.00073 0.00006 0.00736 -0.99997
738 -134.64968 -0.13023 -1.08283 0.00142 -0.00042 0.00644 -0.99998
739 -133.55705 -0.13483 -1.10453 0.00093 -0.00139 0.00530 -0.99998
740 -132.48616 -0.17529 -1.08856 0.00031 -0.00192 0.00460 -0.99999
741 -131.38072 -0.20423 -1.09266 0.00028 -0.00141 0.00367 -0.99999
742 -130.22438 -0.17058 -1.07487 -0.00005 -0.00050 0.00261 -1.00000
743 -129.09065 -0.18620 -1.07343 0.00009 -0.00054 0.00220 -1.00000
744 -127.95239 -0.19510 -1.07081 0.00017 -0.00059 0.00203 -1.00000
745 -126.71599 -0.21787 -1.06292 0.00027 -0.00003 0.00174 -1.00000
746 -125.58465 -0.20866 -1.05287 0.00065 0.00032 0.00209 -1.00000
747 -124.37063 -0.17776 -1.05842 0.00078 0.00021 0.00262 -1.00000
748 -123.11237 -0.18138 -1.03339 0.00101 -0.00018 0.00291 -1.00000
749 -121.96335 -0.16858 -1.03726 0.00051 0.00043 0.00386 -0.99999
750 -120.64774 -0.18239 -1.02525 0.00104 0.00219 0.00480 -0.99999
751 -119.39957 -0.19905 -1.02980 0.00112 0.00369 0.00537 -0.99998
752 -118.12980 -0.19404 -0.99336 0.00072 0.00399 0.00628 -0.99997
753 -116.81953 -0.23593 -0.98946 -0.00020 0.00366 0.00654 -0.99997
754 -115.52588 -0.26271 -0.95437 -0.00062 0.00369 0.00612 -0.99997
755 -114.19510 -0.23089 -0.93844 -0.00125 0.00467 0.00519 -0.99997
756 -112.83469 -0.21986 -0.92144 -0.00056 0.00543 0.00412 -0.99998
757 -111.48509 -0.23221 -0.91037 -0.00013 0.00518 0.00247 -0.99998
758 -110.13997 -0.25704 -0.88008 -0.00065 0.00425 0.00134 -0.99999
759 -108.73976 -0.24263 -0.84330 -0.00077 0.00424 0.00051 -0.99999
760 -107.32425 -0.24338 -0.83435 -0.00044 0.00472 -0.00010 -0.99999
761 -105.89483 -0.23443 -0.80386 -0.00074 0.00543 -0.00036 -0.99998
762 -104.46791 -0.22026 -0.77884 -0.00074 0.00597 -0.00090 -0.99998
763 -103.05509 -0.20393 -0.77034 -0.00016 0.00611 -0.00149 -0.99998
764 -101.64415 -0.21291 -0.72242 0.00013 0.00552 -0.00166 -0.99998
765 -100.12964 -0.16469 -0.70839 0.00010 0.00388 -0.00155 -0.99999
766 -98.65203 -0.19279 -0.68488 0.00016 0.00278 -0.00086 -1.00000
767 -97.13053 -0.17421 -0.66019 0.00050 0.00172 -0.00108 -1.00000
768 -95.62717 -0.17598 -0.63929 0.00129 -0.00084 -0.00058 -1.00000
769 -94.09893 -0.18786 -0.65826 0.00073 -0.00414 -0.00061 -0.99999
770 -92.61276 -0.17438 -0.63879 -0.00046 -0.00574 -0.00052 -0.99998
771 -91.10104 -0.14844 -0.63269 0.00114 -0.00683 -0.00065 -0.99998
772 -89.57102 -0.12423 -0.65326 0.00139 -0.00692 -0.00103 -0.99997
773 -88.09335 -0.13231 -0.62080 0.00144 -0.00619 -0.00094 -0.99998
774 -86.60082 -0.12625 -0.62848 0.00077 -0.00484 -0.00042 -0.99999
775 -85.04486 -0.08882 -0.59420 0.00193 -0.00457 -0.00037 -0.99999
776 -83.54089 -0.11974 -0.62141 0.00094 -0.00567 0.00054 -0.99998
777 -82.03409 -0.15138 -0.59264 -0.00041 -0.00601 0.00073 -0.99998
778 -80.54650 -0.14155 -0.59472 -0.00088 -0.00534 0.00092 -0.99998
779 -79.03541 -0.11761 -0.59387 0.00020 -0.00511 0.00128 -0.99999
780 -77.51927 -0.08661 -0.59141 0.00026 -0.00576 0.00144 -0.99998
781 -76.00163 -0.07349 -0.58629 -0.00070 -0.00704 0.00157 -0.99997
782 -74.49673 -0.09583 -0.58488 -0.00208 -0.00806 0.00215 -0.99996
783 -72.95995 -0.10063 -0.58348 -0.00221 -0.00769 0.00147 -0.99997
784 -71.52461 -0.12922 -0.56012 -0.00160 -0.00573 0.00142 -0.99998
785 -70.03750 -0.10577 -0.55537 0.00057 -0.00414 0.00160 -0.99999
786 -68.51193 -0.10057 -0.57285 0.00174 -0.00468 0.00097 -0.99999
787 -67.05026 -0.07181 -0.55895 0.00142 -0.00533 0.00076 -0.99998
788 -65.54911 -0.06974 -0.53200 0.00016 -0.00479 0.00045 -0.99999
789 -64.10081 -0.03860 -0.56178 -0.00036 -0.00475 0.00032 -0.99999
790 -62.61286 -0.06111 -0.54675 -0.00131 -0.00585 0.00011 -0.99998
791 -61.12849 -0.02371 -0.51156 -0.00166 -0.00597 -0.00040 -0.99998
792 -59.66967 -0.04667 -0.52010 -0.00231 -0.00389 -0.00089 -0.99999
793 -58.19229 -0.02502 -0.53567 -0.00182 -0.00351 -0.00164 -0.99999
794 -56.76396 -0.01315 -0.53543 -0.00173 -0.00575 -0.00253 -0.99998
795 -55.27983 -0.01984 -0.48988 -0.00272 -0.00679 -0.00307 -0.99997
796 -53.79016 -0.01597 -0.47631 -0.00215 -0.00627 -0.00329 -0.99997
797 -52.33873 0.03073 -0.49925 -0.00151 -0.00573 -0.00326 -0.99998
798 -50.85895 0.02421 -0.47799 -0.00051 -0.00581 -0.00379 -0.99998
799 -49.41366 0.04756 -0.47826 -0.00073 -0.00555 -0.00378 -0.99998
800 -47.93550 0.04650 -0.46121 -0.00053 -0.00542 -0.00369 -0.99998
801 -46.47567 0.08980 -0.46154 -0.00091 -0.00522 -0.00356 -0.99998
802 -45.02195 0.09162 -0.45896 -0.00135 -0.00541 -0.00316 -0.99998
803 -43.59815 0.11828 -0.44728 -0.00207 -0.00565 -0.00294 -0.99998
804 -42.17174 0.13465 -0.43387 -0.00252 -0.00611 -0.00254 -0.99997
805 -40.69223 0.18310 -0.43473 -0.00308 -0.00633 -0.00217 -0.99997
806 -39.25654 0.13805 -0.41721 -0.00224 -0.00611 -0.00182 -0.99998
807 -37.83422 0.14349 -0.41554 -0.00189 -0.00466 -0.00159 -0.99999
808 -36.40014 0.14864 -0.40599 -0.00102 -0.00443 -0.00076 -0.99999
809 -34.93621 0.15765 -0.40677 -0.00059 -0.00534 -0.00054 -0.99999
810 -33.49763 0.18534 -0.39840 0.00014 -0.00652 -0.00033 -0.99998
811 -32.05515 0.19259 -0.38523 0.00012 -0.00671 0.00048 -0.99998
812 -30.64920 0.18871 -0.40274 -0.00084 -0.00585 0.00103 -0.99998
813 -29.24523 0.16250 -0.36696 -0.00010 -0.00459 0.00190 -0.99999
814 -27.82205 0.16548 -0.38280 0.00029 -0.00471 0.00276 -0.99999
815 -26.39101 0.19877 -0.38264 -0.00043 -0.00556 0.00318 -0.99998
816 -24.98230 0.19496 -0.36177 -0.00080 -0.00400 0.00402 -0.99998
817 -23.57956 0.18351 -0.34701 0.00038 -0.00152 0.00482 -0.99999
818 -22.18024 0.18112 -0.33593 0.00205 0.00041 0.00518 -0.99998
819 -20.75271 0.19124 -0.30372 0.00221 0.00101 0.00573 -0.99998
820 -19.32219 0.16074 -0.28437 0.00131 0.00092 0.00614 -0.99998
821 -17.98136 0.15935 -0.24971 0.00145 0.00013 0.00603 -0.99998
822 -16.60113 0.15724 -0.22438 0.00122 -0.00087 0.00614 -0.99998
823 -15.20859 0.10183 -0.21417 -0.00031 -0.00151 0.00618 -0.99998
824 -13.80531 0.13269 -0.18646 -0.00079 -0.00061 0.00630 -0.99998
825 -12.36323 0.14243 -0.16319 -0.00063 0.00034 0.00584 -0.99998
826 -11.05642 0.10855 -0.16473 -0.00044 -0.00009 0.00546 -0.99998
827 -9.65270 0.08210 -0.12192 -0.00062 -0.00055 0.00426 -0.99999
828 -8.28791 0.06616 -0.10981 0.00006 -0.00122 0.00380 -0.99999
829 -6.91318 0.07704 -0.09405 -0.00018 -0.00129 0.00339 -0.99999
830 -5.55727 0.08257 -0.06576 -0.00064 -0.00097 0.00310 -0.99999
831 -4.15063 0.06842 -0.04997 -0.00074 0.00016 0.00270 -1.00000
832 -2.82712 0.07418 -0.04065 -0.00096 0.00039 0.00264 -1.00000
833 -1.43711 0.06347 -0.02321 -0.00062 0.00028 0.00251 -1.00000
834 -0.06015 0.08160 -0.00849 -0.00040 0.00009 0.00249 -1.00000
835 1.28099 0.08714 0.00632 -0.00033 0.00024 0.00223 -1.00000
836 2.64611 0.07209 0.04402 0.00008 0.00010 0.00200 -1.00000
837 4.05109 0.05640 0.06415 0.00020 0.00006 0.00171 -1.00000
838 5.36534 0.05081 0.06989 0.00002 -0.00009 0.00193 -1.00000
839 6.75546 0.03023 0.10207 -0.00002 0.00016 0.00172 -1.00000
840 8.06609 0.05672 0.11932 0.00014 0.00023 0.00188 -1.00000
841 9.43586 0.04292 0.13988 0.00019 -0.00009 0.00169 -1.00000
842 10.79219 0.06670 0.15154 0.00046 -0.00072 0.00169 -1.00000
843 12.14779 0.04611 0.18992 0.00064 -0.00077 0.00152 -1.00000
844 13.53469 0.03541 0.19658 0.00047 -0.00032 0.00144 -1.00000
845 14.88644 0.05161 0.20743 0.00025 -0.00022 0.00200 -1.00000
846 16.25251 0.04603 0.24146 0.00066 -0.00021 0.00167 -1.00000
847 17.61119 0.06005 0.25746 0.00039 -0.00040 0.00196 -1.00000
848 18.96502 0.07309 0.27263 0.00004 -0.00058 0.00211 -1.00000
849 20.31566 0.07101 0.28916 0.00004 -0.00054 0.00198 -1.00000
850 21.64757 0.03357 0.31375 -0.00001 -0.00019 0.00199 -1.00000
851 23.00333 0.04974 0.32024 0.00008 -0.00026 0.00183 -1.00000
852 24.34941 0.08207 0.33526 0.00003 -0.00038 0.00164 -1.00000
853 25.69736 0.07317 0.37389 0.00031 -0.00029 0.00127 -1.00000
854 27.04040 0.07723 0.38009 0.00045 -0.00077 0.00094 -1.00000
855 28.38343 0.06135 0.41243 0.00012 -0.00135 0.00085 -1.00000
856 29.70606 0.05744 0.41729 -0.00106 -0.00130 0.00090 -1.00000
857 31.04993 0.05695 0.43888 -0.00127 -0.00088 0.00107 -1.00000
858 32.37566 0.04373 0.46019 -0.00062 -0.00043 0.00139 -1.00000
859 33.71508 0.07138 0.47217 -0.00040 -0.00063 0.00196 -1.00000
860 35.06061 0.08237 0.49751 -0.00075 -0.00101 0.00202 -1.00000
861 36.34730 0.08868 0.51881 -0.00096 -0.00105 0.00213 -1.00000
862 37.64181 0.06812 0.54063 -0.00122 -0.00119 0.00227 -1.00000
863 38.96057 0.05743 0.56752 -0.00162 -0.00169 0.00257 -0.99999
864 40.25662 0.04677 0.57532 -0.00245 -0.00234 0.00227 -0.99999
865 41.57096 0.06438 0.61092 -0.00245 -0.00260 0.00169 -0.99999
866 42.88289 0.07426 0.61591 -0.00225 -0.00244 0.00102 -0.99999
867 44.19129 0.07506 0.62173 -0.00056 -0.00291 0.00056 -1.00000
868 45.48716 0.07103 0.62749 -0.00018 -0.00422 0.00029 -0.99999
869 46.78522 0.08445 0.64426 0.00021 -0.00591 0.00005 -0.99998
870 48.08474 0.10273 0.64338 0.00029 -0.00776 -0.00029 -0.99997
871 49.34840 0.12038 0.66420 0.00019 -0.00867 -0.00099 -0.99996
872 50.63564 0.12614 0.65949 -0.00056 -0.00774 -0.00166 -0.99997
873 51.92709 0.13575 0.65932 0.00009 -0.00704 -0.00185 -0.99997
874 53.20351 0.14211 0.64736 0.00026 -0.00649 -0.00243 -0.99998
875 54.46534 0.17322 0.64956 0.00046 -0.00626 -0.00307 -0.99998
876 55.72803 0.18738 0.64878 0.00055 -0.00595 -0.00347 -0.99998
877 57.01934 0.17719 0.65665 0.00057 -0.00607 -0.00375 -0.99997
878 58.29229 0.20776 0.65761 0.00054 -0.00646 -0.00440 -0.99997
879 59.53637 0.21973 0.67931 0.00011 -0.00659 -0.00472 -0.99997
880 60.80455 0.22968 0.66524 0.00019 -0.00634 -0.00513 -0.99997
881 62.07818 0.24832 0.66295 0.00040 -0.00603 -0.00563 -0.99997
882 63.32105 0.26223 0.67539 -0.00015 -0.00572 -0.00564 -0.99997
883 64.58893 0.26785 0.68638 -0.00040 -0.00576 -0.00573 -0.99997
884 65.82913 0.28879 0.68230 -0.00076 -0.00629 -0.00606 -0.99996
885 67.09479 0.30446 0.69884 -0.00079 -0.00638 -0.00641 -0.99996
886 68.31670 0.29027 0.70370 0.00016 -0.00555 -0.00679 -0.99996
887 69.54537 0.35883 0.70091 0.00122 -0.00549 -0.00687 -0.99996
888 70.78058 0.39892 0.70879 0.00234 -0.00551 -0.00660 -0.99996
889 72.01955 0.41832 0.69510 0.00316 -0.00573 -0.00600 -0.99996
890 73.27792 0.41197 0.71136 0.00333 -0.00637 -0.00532 -0.99996
891 74.48877 0.43351 0.70826 0.00351 -0.00736 -0.00455 -0.99996
892 75.69577 0.44205 0.72386 0.00252 -0.00694 -0.00354 -0.99997
893 76.86964 0.47429 0.75257 0.00131 -0.00497 -0.00259 -0.99998
894 78.04757 0.49633 0.75172 0.00196 -0.00502 -0.00180 -0.99998
895 79.16125 0.51662 0.72792 0.00196 -0.00710 -0.00018 -0.99997
896 80.28804 0.49682 0.75647 0.00194 -0.00834 0.00145 -0.99996
897 81.46067 0.51252 0.75965 0.00190 -0.00641 0.00322 -0.99997
898 82.50971 0.50924 0.76057 0.00194 -0.00355 0.00471 -0.99998
899 83.65000 0.49577 0.77435 0.00158 -0.00075 0.00568 -0.99998
900 84.71268 0.49882 0.80002 0.00119 0.00015 0.00718 -0.99997
901 85.84333 0.48876 0.82131 0.00058 -0.00074 0.00815 -0.99997
902 86.91577 0.45850 0.84284 0.00067 -0.00200 0.00867 -0.99996
903 87.98524 0.44972 0.85536 0.00052 -0.00178 0.00928 -0.99996
904 89.10465 0.44788 0.85932 0.00029 -0.00071 0.00961 -0.99995
905 90.18594 0.44039 0.85600 0.00080 -0.00035 0.01027 -0.99995
906 91.27180 0.40951 0.87497 0.00078 -0.00097 0.01061 -0.99994
907 92.32481 0.38187 0.90585 0.00014 -0.00190 0.01041 -0.99994
908 93.38512 0.35058 0.93383 -0.00023 -0.00237 0.01020 -0.99995
909 94.45960 0.33925 0.93603 -0.00162 -0.00290 0.00977 -0.99995
910 95.50768 0.31888 0.95145 -0.00311 -0.00298 0.00830 -0.99996
911 96.58505 0.30201 0.98013 -0.00385 -0.00217 0.00621 -0.99997
912 97.65742 0.28118 0.97763 -0.00456 -0.00031 0.00424 -0.99998
913 98.71698 0.27465 0.99672 -0.00369 0.00176 0.00228 -0.99999
914 99.76118 0.28045 0.98631 -0.00309 0.00257 0.00034 -0.99999
915 100.82511 0.30160 1.00717 -0.00219 0.00211 -0.00259 -0.99999
916 101.92409 0.33734 1.03067 -0.00214 0.00124 -0.00539 -0.99998
917 103.01937 0.36788 1.07375 -0.00246 0.00059 -0.00906 -0.99996
918 104.07327 0.39135 1.07807 -0.00234 0.00024 -0.01275 -0.99992
919 105.15447 0.42163 1.09714 -0.00145 -0.00015 -0.01603 -0.99987
920 106.27102 0.45719 1.09649 -0.00044 -0.00064 -0.01829 -0.99983
921 107.33917 0.49284 1.11398 0.00207 -0.00070 -0.01893 -0.99982
922 108.42621 0.56315 1.10665 0.00389 -0.00013 -0.01803 -0.99983
923 109.55789 0.62833 1.11586 0.00622 0.00041 -0.01585 -0.99985
924 110.68044 0.67936 1.11652 0.00739 0.00032 -0.01297 -0.99989
925 111.81180 0.70748 1.14214 0.00823 -0.00055 -0.00940 -0.99992
926 112.93491 0.71721 1.16084 0.00863 -0.00099 -0.00543 -0.99995
927 114.09789 0.72860 1.17783 0.00937 -0.00068 -0.00074 -0.99996
928 115.26129 0.75802 1.18305 0.00947 -0.00001 0.00431 -0.99995
929 116.44639 0.73746 1.18252 0.00926 0.00014 0.00879 -0.99992
930 117.57349 0.69936 1.19999 0.00871 0.00043 0.01372 -0.99987
931 118.74317 0.64529 1.23152 0.00795 0.00068 0.01832 -0.99980
932 119.93846 0.61004 1.22942 0.00739 0.00051 0.02242 -0.99972
933 121.14247 0.56508 1.25489 0.00721 0.00001 0.02607 -0.99963
934 122.31230 0.47823 1.26309 0.00685 -0.00024 0.02904 -0.99955
935 123.48375 0.42276 1.29182 0.00806 -0.00080 0.03158 -0.99947
936 124.73555 0.35314 1.29428 0.00917 -0.00097 0.03384 -0.99938
937 125.94219 0.30672 1.28823 0.01055 -0.00112 0.03594 -0.99930
938 127.17916 0.20029 1.29388 0.01077 -0.00179 0.03720 -0.99925
939 128.41681 0.12985 1.31459 0.00966 -0.00203 0.03815 -0.99922
940 129.66988 0.02972 1.32834 0.00902 -0.00020 0.03809 -0.99923
941 130.92394 -0.06656 1.32218 0.00780 0.00056 0.03773 -0.99926
942 132.15450 -0.16154 1.31935 0.00567 -0.00062 0.03648 -0.99932
943 133.42516 -0.25956 1.35165 0.00265 -0.00157 0.03481 -0.99939
944 134.72889 -0.36210 1.36887 0.00046 -0.00270 0.03239 -0.99947
945 136.04453 -0.44684 1.36896 -0.00210 -0.00306 0.02927 -0.99956
946 137.34860 -0.49801 1.38458 -0.00382 -0.00240 0.02591 -0.99965
947 138.65764 -0.56375 1.37151 -0.00515 -0.00218 0.02268 -0.99973
948 139.98610 -0.61386 1.37488 -0.00512 -0.00234 0.01929 -0.99980
949 141.31518 -0.70073 1.39003 -0.00492 -0.00294 0.01662 -0.99985
950 142.67592 -0.71958 1.41166 -0.00384 -0.00415 0.01389 -0.99989
951 144.06353 -0.75764 1.39000 -0.00407 -0.00371 0.01162 -0.99992
952 145.43342 -0.75094 1.40918 -0.00349 -0.00226 0.00914 -0.99995
953 146.82539 -0.75058 1.39671 -0.00253 -0.00088 0.00653 -0.99998
954 148.17399 -0.80321 1.41853 -0.00295 0.00102 0.00455 -0.99998
955 149.59232 -0.77736 1.44266 -0.00188 0.00295 0.00344 -0.99999
956 151.03408 -0.74203 1.43717 -0.00128 0.00360 0.00240 -0.99999
957 152.45346 -0.75474 1.46689 -0.00113 0.00319 0.00218 -0.99999
958 153.89915 -0.76166 1.50296 -0.00099 0.00250 0.00117 -1.00000
959 155.33576 -0.77448 1.52739 -0.00064 0.00170 0.00024 -1.00000
960 156.76122 -0.77738 1.54415 -0.00077 0.00113 -0.00042 -1.00000
961 158.19414 -0.76861 1.56847 -0.00053 0.00046 -0.00105 -1.00000
962 159.63149 -0.76488 1.58918 -0.00050 -0.00051 -0.00196 -1.00000
963 161.11372 -0.72189 1.61444 -0.00022 -0.00111 -0.00296 -0.99999
964 162.56462 -0.70472 1.62420 -0.00018 -0.00099 -0.00386 -0.99999
965 164.00493 -0.69153 1.63756 0.00008 -0.00050 -0.00461 -0.99999
966 165.39239 -0.66553 1.64721 0.00068 -0.00006 -0.00459 -0.99999
967 166.83680 -0.64763 1.66484 0.00124 0.00052 -0.00513 -0.99999
968 168.31260 -0.60414 1.69709 0.00188 0.00082 -0.00491 -0.99999
969 169.77647 -0.61005 1.71952 0.00225 -0.00009 -0.00465 -0.99999
970 171.19510 -0.59928 1.73932 0.00195 -0.00069 -0.00447 -0.99999
971 172.61798 -0.56434 1.77022 0.00204 -0.00114 -0.00438 -0.99999
972 174.02744 -0.56692 1.78698 0.00238 -0.00117 -0.00395 -0.99999
973 175.47142 -0.55063 1.80619 0.00266 -0.00081 -0.00349 -0.99999
974 176.86092 -0.50851 1.81409 0.00344 -0.00061 -0.00261 -0.99999
975 178.30583 -0.52282 1.81872 0.00316 -0.00034 -0.00240 -0.99999
976 179.74970 -0.50249 1.85523 0.00238 0.00042 -0.00174 -1.00000
977 181.14978 -0.48537 1.87918 0.00129 0.00051 -0.00053 -1.00000
978 182.57805 -0.48067 1.93576 0.00147 -0.00064 0.00008 -1.00000
979 183.99551 -0.47301 1.91818 0.00071 -0.00284 0.00075 -1.00000
980 185.39655 -0.47619 1.95701 0.00061 -0.00264 0.00100 -1.00000
981 186.77233 -0.46748 1.95812 0.00174 -0.00137 0.00239 -0.99999
982 188.18383 -0.45143 1.95460 0.00172 -0.00035 0.00328 -0.99999
983 189.56271 -0.45191 1.99662 0.00201 -0.00046 0.00381 -0.99999
984 191.01409 -0.44808 2.01003 0.00147 -0.00115 0.00402 -0.99999
985 192.36386 -0.48258 2.03264 0.00084 -0.00211 0.00408 -0.99999
986 193.73855 -0.50247 2.04695 -0.00008 -0.00226 0.00397 -0.99999
987 195.11074 -0.49812 2.07236 -0.00078 -0.00167 0.00419 -0.99999
988 196.50756 -0.51652 2.08477 -0.00119 -0.00091 0.00391 -0.99999
989 197.89983 -0.50144 2.09848 -0.00118 -0.00058 0.00381 -0.99999
990 199.22633 -0.51784 2.10800 -0.00088 -0.00089 0.00382 -0.99999
991 200.62720 -0.53573 2.14605 -0.00050 -0.00144 0.00319 -0.99999
992 201.94675 -0.53022 2.15512 -0.00072 -0.00173 0.00335 -0.99999
993 203.35498 -0.53670 2.17606 -0.00061 -0.00192 0.00347 -0.99999
994 204.69457 -0.50597 2.19227 -0.00034 -0.00201 0.00380 -0.99999
995 206.02132 -0.53500 2.20897 -0.00010 -0.00184 0.00369 -0.99999
996 207.36136 -0.54289 2.22461 0.00013 -0.00166 0.00361 -0.99999
997 208.72143 -0.55503 2.24929 -0.00004 -0.00131 0.00342 -0.99999
998 210.07285 -0.57240 2.26027 -0.00017 -0.00142 0.00343 -0.99999
999 211.42629 -0.55546 2.28336 -0.00006 -0.00171 0.00350 -0.99999
1000 212.75927 -0.57525 2.30608 -0.00006 -0.00173 0.00326 -0.99999
1001 214.03801 -0.56025 2.31678 -0.00025 -0.00164 0.00310 -0.99999
1002 215.34592 -0.54495 2.33557 -0.00085 -0.00202 0.00272 -0.99999
1003 216.61489 -0.56047 2.35943 -0.00101 -0.00284 0.00195 -0.99999
1004 217.88510 -0.59082 2.39089 -0.00140 -0.00440 0.00089 -0.99999
1005 219.11582 -0.56348 2.38284 -0.00149 -0.00553 0.00031 -0.99998
1006 220.33845 -0.54795 2.40992 -0.00067 -0.00570 -0.00038 -0.99998
1007 221.51296 -0.56133 2.40894 -0.00051 -0.00529 -0.00094 -0.99999
1008 222.68338 -0.53458 2.42162 -0.00065 -0.00532 -0.00201 -0.99998
1009 223.85930 -0.52639 2.43375 -0.00077 -0.00525 -0.00351 -0.99998
1010 224.96029 -0.52113 2.45481 -0.00114 -0.00505 -0.00558 -0.99997
1011 225.96583 -0.49602 2.46799 -0.00096 -0.00491 -0.00740 -0.99996
1012 227.00872 -0.47834 2.48002 -0.00044 -0.00464 -0.00894 -0.99995
1013 228.04034 -0.43385 2.47400 -0.00021 -0.00447 -0.01001 -0.99994
1014 229.03282 -0.40997 2.48188 0.00023 -0.00491 -0.01068 -0.99993
1015 229.95986 -0.39432 2.50597 0.00031 -0.00568 -0.01137 -0.99992
1016 230.83952 -0.35848 2.54169 0.00032 -0.00629 -0.01187 -0.99991
1017 231.72609 -0.32436 2.53643 0.00048 -0.00643 -0.01279 -0.99990
1018 232.53101 -0.30615 2.54102 0.00005 -0.00595 -0.01370 -0.99989
1019 233.34803 -0.29089 2.56948 0.00058 -0.00519 -0.01496 -0.99987
1020 234.18801 -0.24449 2.56400 0.00106 -0.00412 -0.01528 -0.99987
1021 234.92598 -0.18615 2.57878 0.00188 -0.00232 -0.01437 -0.99989
1022 235.63222 -0.19722 2.59251 0.00360 -0.00044 -0.01290 -0.99991
1023 236.45331 -0.17456 2.59066 0.00354 0.00050 -0.01036 -0.99994
1024 237.23328 -0.14737 2.62065 0.00283 -0.00002 -0.00816 -0.99996
1025 237.99118 -0.12640 2.63388 0.00185 -0.00086 -0.00584 -0.99998
1026 238.76614 -0.13962 2.63496 0.00038 -0.00152 -0.00390 -0.99999
1027 239.52116 -0.15747 2.65281 0.00023 -0.00162 -0.00191 -1.00000
1028 240.30838 -0.13319 2.65968 0.00071 -0.00143 -0.00015 -1.00000
1029 241.06700 -0.12806 2.65443 0.00033 -0.00136 0.00255 -1.00000
1030 241.78276 -0.11831 2.67307 0.00050 -0.00160 0.00443 -0.99999
1031 242.56335 -0.15009 2.67306 0.00011 -0.00203 0.00549 -0.99998
1032 243.29165 -0.14856 2.68734 0.00032 -0.00291 0.00706 -0.99997
1033 244.06410 -0.14348 2.68900 -0.00037 -0.00312 0.00810 -0.99996
1034 244.81391 -0.16426 2.71671 -0.00049 -0.00272 0.00848 -0.99996
1035 245.55933 -0.17995 2.70819 -0.00066 -0.00173 0.00895 -0.99996
1036 246.24430 -0.20079 2.71279 -0.00001 0.00001 0.00923 -0.99996
1037 247.02988 -0.18701 2.72650 0.00028 0.00124 0.00932 -0.99996
1038 247.79968 -0.18935 2.73226 0.00033 0.00150 0.00906 -0.99996
1039 248.53199 -0.21571 2.75188 -0.00039 0.00125 0.00890 -0.99996
1040 249.30479 -0.22726 2.76449 -0.00045 0.00111 0.00855 -0.99996
1041 250.07976 -0.26361 2.76564 -0.00009 0.00158 0.00859 -0.99996
1042 250.83798 -0.26817 2.77174 -0.00042 0.00288 0.00858 -0.99996
1043 251.60063 -0.27994 2.80228 -0.00178 0.00400 0.00928 -0.99995
1044 252.38043 -0.28215 2.84485 -0.00179 0.00300 0.00969 -0.99995
1045 253.20955 -0.29130 2.83712 0.00001 0.00007 0.00994 -0.99995
1046 253.97848 -0.32301 2.81093 -0.00047 -0.00274 0.01061 -0.99994
1047 254.80233 -0.36591 2.83543 -0.00254 -0.00318 0.01135 -0.99993
1048 255.57532 -0.36423 2.85726 -0.00233 -0.00073 0.01282 -0.99991
1049 256.39018 -0.36131 2.84852 -0.00033 0.00213 0.01480 -0.99989
1050 257.16265 -0.36821 2.84668 0.00156 0.00305 0.01604 -0.99987
1051 257.97960 -0.40701 2.86295 0.00132 0.00232 0.01689 -0.99985
1052 258.83806 -0.44593 2.87118 -0.00074 0.00085 0.01787 -0.99984
1053 259.67315 -0.45067 2.90135 -0.00274 -0.00005 0.01893 -0.99982
1054 260.50532 -0.50578 2.91596 -0.00362 0.00006 0.01974 -0.99980
1055 261.33731 -0.53865 2.91052 -0.00265 0.00126 0.02063 -0.99978
1056 262.18064 -0.58369 2.91413 -0.00112 0.00324 0.02158 -0.99976
1057 263.04549 -0.58952 2.92946 0.00009 0.00424 0.02227 -0.99974
1058 263.91527 -0.62144 2.93513 -0.00016 0.00382 0.02300 -0.99973
1059 264.80192 -0.66715 2.95682 -0.00003 0.00239 0.02408 -0.99971
1060 265.68540 -0.70083 2.96319 -0.00107 0.00206 0.02505 -0.99968
1061 266.59008 -0.71524 2.98304 -0.00055 0.00215 0.02543 -0.99967
1062 267.47376 -0.77940 2.99066 -0.00086 0.00238 0.02537 -0.99967
1063 268.39490 -0.84197 3.01723 -0.00096 0.00221 0.02505 -0.99968
1064 269.31755 -0.89391 3.04506 -0.00189 0.00188 0.02503 -0.99968
1065 270.24676 -0.93737 3.03268 -0.00286 0.00159 0.02513 -0.99968
1066 271.15711 -0.97454 3.05868 -0.00270 0.00119 0.02521 -0.99968
1067 272.11529 -1.02221 3.06340 -0.00283 0.00057 0.02491 -0.99969
1068 273.06614 -1.06433 3.08051 -0.00303 0.00022 0.02463 -0.99969
1069 274.02277 -1.10976 3.09319 -0.00309 0.00010 0.02384 -0.99971
1070 274.91730 -1.14847 3.09663 -0.00303 0.00038 0.02273 -0.99974
1071 275.87422 -1.18112 3.11203 -0.00175 0.00072 0.02149 -0.99977
1072 276.79143 -1.21412 3.14134 -0.00053 0.00108 0.02017 -0.99980
1073 277.72202 -1.25856 3.14663 -0.00050 0.00086 0.01868 -0.99982
1074 278.69061 -1.26125 3.16441 -0.00002 0.00020 0.01736 -0.99985
1075 279.64359 -1.29135 3.18146 0.00029 -0.00069 0.01623 -0.99987
1076 280.56992 -1.33413 3.20972 0.00001 -0.00165 0.01507 -0.99989
1077 281.46369 -1.37079 3.22588 0.00025 -0.00208 0.01397 -0.99990
1078 282.38063 -1.39050 3.23364 0.00055 -0.00213 0.01294 -0.99991
1079 283.29150 -1.39395 3.22666 0.00011 -0.00191 0.01221 -0.99992
1080 284.21245 -1.39585 3.23471 -0.00038 -0.00167 0.01151 -0.99993
1081 285.12587 -1.39656 3.24456 -0.00054 -0.00176 0.01100 -0.99994
1082 286.02668 -1.40875 3.27396 0.00025 -0.00215 0.01038 -0.99994
1083 286.90750 -1.44896 3.27842 0.00006 -0.00257 0.00966 -0.99995
1084 287.79357 -1.46193 3.28865 0.00033 -0.00239 0.00893 -0.99996
1085 288.61393 -1.49383 3.29686 0.00115 -0.00160 0.00878 -0.99996
1086 289.44699 -1.48501 3.31953 0.00278 -0.00012 0.00846 -0.99996
1087 290.28748 -1.47976 3.31593 0.00391 0.00129 0.00857 -0.99995
1088 291.11001 -1.46003 3.31717 0.00407 0.00199 0.00940 -0.99995
1089 291.96296 -1.48103 3.33395 0.00455 0.00222 0.00916 -0.99995
1090 292.76970 -1.49442 3.36000 0.00539 0.00212 0.00943 -0.99994
1091 293.53788 -1.46454 3.37118 0.00597 0.00273 0.00987 -0.99993
1092 294.37478 -1.49327 3.37207 0.00652 0.00311 0.01074 -0.99992
1093 295.20131 -1.49097 3.39208 0.00724 0.00256 0.01145 -0.99990
1094 295.99259 -1.52047 3.42448 0.00722 0.00158 0.01175 -0.99990
1095 296.80968 -1.54647 3.45312 0.00684 0.00054 0.01171 -0.99991
1096 297.59742 -1.57425 3.47568 0.00635 -0.00078 0.01100 -0.99992
1097 298.39376 -1.58045 3.49841 0.00589 -0.00151 0.01020 -0.99993
1098 299.19440 -1.61760 3.50963 0.00599 -0.00192 0.00949 -0.99994
1099 300.02420 -1.59202 3.51360 0.00550 -0.00221 0.00923 -0.99994
1100 300.79455 -1.62352 3.52400 0.00504 -0.00274 0.00808 -0.99995
1101 301.60107 -1.65453 3.53181 0.00471 -0.00321 0.00644 -0.99996
1102 302.38994 -1.63452 3.53613 0.00498 -0.00381 0.00540 -0.99997
1103 303.21050 -1.64704 3.54082 0.00498 -0.00407 0.00411 -0.99997
